Affiliation,total_registrations,no_of_accounts_created,no_of_accounts_needed
ANUG - ANURAG UNIVERSITY (FORMERLY ANURAG GRP OF INSTNS- CVSR COLL OF ENGG),1265,416,849
VJEC - V N R VIGNAN JYOTHI INSTITUTE OF ENGG AND TECH,810,104,706
CMRK - C M R COLLEGE OF ENGG AND TECHNOLOGY (AUTONOMOUS),773,208,565
VMEG - VARDHAMAN COLLEGE OF ENGINEERING,738,204,534
JNTH - JNTU COLLEGE OF ENGG HYDERABAD,652,170,482
SNIS - SREENIDHI INSTITUTE OF SCI AND TECHNOLOGY,642,159,483
BVRW - BVRIT COLLEGE OF ENGINEERING FOR WOMEN,596,159,437
MLID - M L R INSTITUTE OF TECHNOLOGY,533,43,490
MVSR - M V S R ENGINEERING COLLEGE (AUTONOMOUS),497,111,386
VJIT - VIDYAJYOTHI INSTITUTE OF TECHNOLOGY,441,74,367
GRRR - GOKARAJU RANGARAJU INSTITUTE OF ENGG AND TECH,424,101,323
VBIT - VIGNAN BHARATI INSTITUTE OF TECHNOLOGY (AUTONOMOUS),420,104,316
MRCW - MALLA REDDY ENGG COLLEGE FOR WOMEN (AUTONOMOUS),409,15,394
COLLEGE,407,47,360
CBIT - CHAITANYA BHARATHI INSTITUTE OF TECHNOLOGY,403,95,308
MLRD - MALLA REDDY COLLEGE OF ENGG TECHNOLOGY (AUTONOMOUS),316,97,219
IARE - INSTITUTE OF AERONAUTICAL ENGINEERING,296,52,244
STLW - STANLEY COLLEGE OF ENGG AND TECHNOLOGY FOR WOMEN (AUTONOMOUS),295,68,227
RITW - RISHI MS INST OF ENGG AND TECH FOR WOMEN,273,44,229
GCTC - GEETHANJALI COLLEGE OF ENGG AND TECHNOLOGY (AUTONOMOUS),265,96,169
GNTW - G NARAYNAMMA INSTITUTE OF TECHNOLOGY AND SCI,261,72,189
ACEG - A C E ENGINEERING COLLEGE (AUTONOMOUS),236,105,131
BVRI - B V RAJU INSTITUTE OF TECHNOLOGY,230,25,205
IFHE HYDERABAD,229,139,90
MECS - MATRUSRI ENGINEERING COLLEGE,225,82,143
MRU - MALLA REDDY UNIVERSITY,220,10,210
VASV - VASAVI COLLEGE OF ENGINEERING,213,15,198
CMRG - CMR TECHNICAL CAMPUS (AUTONOMOUS),206,38,168
MGIT - MAHATMA GANDHI INSTITUTE OF TECHNOLOGY,194,50,144
VGNT - VIGNAN INSTITUTE OF TECHNOLOGY AND SCI,193,22,171
VGWL - VAGDEVI ENGINEERING COLLEGE,185,35,150
KMIT - KESHAV MEMORIAL INST OF TECHNOLOGY,183,53,130
MRCE - MALLA REDDY COLLEGE OF ENGINEERING,181,31,150
SPEC - ST PETERS ENGINEERING COLLEGE (AUTONOMOUS),180,33,147
KPRT - KOMMURI PRATAP REDDY INST OF TECHNOLOGY,172,15,157
GCTC - GEETANJALI COLLEGE OF ENGG AND TECHNOLOGY (AUTONOMOUS),162,36,126
SPHN - SPHOORTHY ENGINEERING COLLEGE,161,15,146
NNRG - NALLA NARASIMHA REDDY EDNL SOC GRP OF INSTNS,158,34,124
MLRS - MARRI LAXMAN REDDY INST OF TECHNOLOGY AND MANAGEMENT (AUTONOMOUS),154,16,138
PALV - PALLAVI ENGINEERING COLLEGE,152,12,140
NRCM - NARSIMHAREDDY ENGINEERING COLLEGE (AUTONOMOUS),149,10,139
OUCE - O U COLLEGE OF ENGG HYDERABAD,144,16,128
SRYS - SREYAS INST OF ENGG AND TECHNOLOGY,139,43,96
GITAM,134,40,94
NREC - NALLAMALLA REDDY ENGINEERING COLLEGE (AUTONOMOUS),131,17,114
JBIT - J B INSTITUTE OF ENGG AND TECHNOLOGY,126,27,99
RAJEEV GANDHI MEMORIAL COLLEGE OF ENGINEERING AND TECHNOLOGY,111,4,107
SDEW - SRIDEVI WOMENS ENGINEERING COLLEGE,110,4,106
SRHP - SR UNIVERSITY ( FORMERLY S R ENGINEERING COLLEGE),107,25,82
MRTN - ST MARTINS ENGINEERING COLLEGE (AUTONOMOUS),107,43,64
SMSK - SAMSKRUTHI COLLEGE OF ENGG AND TECHNOLOGY,106,2,104
VIGNANA BHARATHI INSTITUTE OF TECHNOLOGY,104,28,76
VIGNAN'S INSTITUTE OF INFORMATION TECHNOLOGY,97,1,96
TKEM - TEEGALA KRISHNA REDDY ENGINEERING COLLEGE (AUTONOMOUS),96,6,90
HITM - HYDERABAD INST OF TECHNOLOGY AND MGMT (AUTONOMOUS),96,11,85
JAYA - JAYAMUKHI INSTITUTE OF TECHNOLOGY AND SCIS,95,25,70
KITS - KAKATIYA INSTITUTE OF TECHNOLOGY AND SCI,95,17,78
KGRH - KG REDDY COLLEGE OF ENGG AND TECHNOLOGY (AUTONOMOUS),92,21,71
METH - METHODIST COLLEGE OF ENGINEERING AND TECHNOLOGY (AUTONOMOUS),88,30,58
MREC - MALLAREDDY ENGINEERING COLLEGE (AUTONOMOUS),85,2,83
CVRH - CVR COLLEGE OF ENGINEERING,81,8,73
CMRM - CMR INSTITUTE OF TECHNOLOGY (AUTONOMOUS),80,2,78
SBIT - SWARNA BHARATHI INSTITUTE OF SCI AND TECHNOLOGY,80,2,78
GITAM - GITAM UNIVERSITY,80,9,71
JNTR - JNTU COLLEGE OF ENGINEERING RAJANNA SIRCILLA,73,15,58
GD GOENKA UNIVERSITY,73,5,68
CMRN - CMR ENGG COLLEGE (AUTONOMOUS),71,4,67
MALLA REDDY UNIVERSITY,70,9,61
JPNE - JAYA PRAKASH NARAYAN COLLEGE OF ENGINEERING,69,0,69
NAWB - NAWAB SHAH ALAM KHAN COLL OF ENGG AND TECH,69,10,59
BIET - BHARAT INSTITUTE OF ENGG AND TECHNOLOGY,68,10,58
KAKINADA INSTITUTE OF ENGINEERING AND TECHNOLOGY,68,1,67
VAGE - VAAGDEVI COLLEGE OF ENGINEERING,66,17,49
SHRI VISHNU ENGINEERING COLLEGE FOR WOMEN,66,8,58
VASIREDDY VENKATADRI INSTITUTE OF TECHNOLOGY,64,6,58
VGSE - VAAGESHWARI COLL OF ENGINEERING,64,0,64
WOXSEN UNIVERSITY,62,12,50
INDU - SRI INDU COLLEGE OF ENGG AND TECHNOLOGY,58,8,50
KLU - K L UNIVERSITY,57,5,52
AMRITA VISHWA VIDHYAPEETHAM,56,10,46
MVGR COLLEGE OF ENGINEERING,56,8,48
MTEC - MOTHER THERESA COLLEGE OF ENGG AND TECHNOLOGY,56,5,51
GNIT - GURUNANAK INST OF TECHNOLOGY,53,6,47
CHAITANYA DEEMED TO BE UNIVERSITY,52,18,34
VELAGAPUDI RAMAKRISHNA SIDDHARTHA ENGINEERING COLLEGE,52,6,46
GLWC - GOKARAJU LAILAVATHI WOMENS ENGINEERING COLLEGE,50,6,44
CHALAPATHI INSTITUTE OF ENGINEERING AND TECHNOLOGY,50,4,46
AARM - AAR MAHAVEER ENGINEERING COLLEGE,49,3,46
TPCE - TALLA PADMAVATHI COLL OF ENGINEERING,48,6,42
GURU - GURUNANAK INSTTECH CAMPUS,47,5,42
ICFAI UNIVERSITY,47,18,29
ANRK - ANURAG ENGINEERING COLLGE,46,2,44
KAKINADA INSTITUTE OF ENGINEERING AND TECHNOLOGY FOR WOMEN,46,0,46
MREW - MALLA REDDY COLLEGE OF ENGINEERING FOR WOMEN,44,4,40
KITW - KAKATIYA INST OF TECHNOLOGY SCI FOR WOMEN,44,4,40
KMEC - KESHAV MEMORIAL ENGINEERING COLLEGE,43,12,31
JOGI - JOGINPALLY B R ENGINEERING COLLEGE,42,11,31
,42,4,38
SVSE - SVS GRP OF INSTNS - SVS INST OF TECH,42,1,41
VJYA - VIJAYA ENGINEERING COLLEGE,41,3,38
RAJIV GANDHI UNIVERSITY OF KNOWLEDGE TECHNOLOGIES,39,10,29
MRIT - MALLAREDDY INST OF TECHNOLOGY AND SCI,38,2,36
RGUKT BASAR,38,9,29
AURP - AURORAS TECHNOLOGICAL AND RESEARCH INSTITUTE,38,7,31
JNTUK COLLEGE OF ENGINNERING KAKINADA,37,7,30
NGIT - NEIL GOGTE INST OF TECHNOLOGY,35,11,24
KL UNIVERSITY,34,3,31
BREW - BHOJREDDY ENGINEERING COLLEGE FOR WOMEN,34,5,29
JNTM - JNTU COLLEGE OF ENGG MANTHANI,34,3,31
SMCD - ST MARYS ENGINEERING COLLEGE,34,0,34
BOSE - ANU BOSE INSTT OF TECHNOLOGY,33,3,30
SISG - SIDDHARTHA INSTT OF TECHNOLOGY AND SCIENCES,33,3,30
RAJIV GANDHI UNIVERSITY OF KNOWLEDGE TECHNOLOGIES BASAR,33,5,28
LOVELY PROFESSIONAL UNIVERSITY,30,4,26
ANIL NEERUKONDA INSTITUTE OF TECHNOLOGY AND SCIENCES,30,4,26
INDI - SRI INDU INSTITUTE OF ENGINEERING AND TECHNOLOGY,30,6,24
SVIT - SWAMI VIVEKANANDA INST OF TECHNOLOGY,30,2,28
MREM - MALLA REDDY ENGINEERING COLLEGE AND MANAGEMENT SCIENCES,30,6,24
JNKR - JNTU COLLEGE OF ENGINEERING JAGITIAL,30,3,27
TKRC - T K R COLLEGE OF ENGG AND TECHNOLOGY (AUTONOMOUS),29,0,29
PARUL UNIVERSITY,28,2,26
PRAGATI ENGINEERING COLLEGE,28,0,28
KALASALINGAM ACADEMY OF RESEARCH AND EDUCATION,28,1,27
SRINIVASA INSTITUTE OF ENGINEERING AND TECHNOLOGY,28,0,28
DRKI - D R K INSTITUTE OF SCI AND TECHNOLOGY,28,6,22
KAKINADA INSTITUTE OF ENGINEERING AND TECHNOLOGY FOR WOMENS,27,0,27
VELLORE INSTITUTE OF TECHNOLOGY,26,6,20
AVIH - AVANTHI INST OF ENGG AND TECHNOLOGY,25,5,20
JNTU COLLEGE OF ENGINNERING JAGITAL,25,13,12
TCTK - TRINITY COLLEGE OF ENGINEERING AND TECHNOLOGY,25,5,20
SIEI - SIDDHARTHA INSTT OF ENGG AND TECHNOLOGY,24,1,23
ADITYA COLLEGE OF ENGINEERING AND TECHNOLOGY,24,2,22
JMTS - JYOTHISHMATHI INSTITUTE OF TECHNOLOGY AND SCI,23,0,23
MRET - MALLAREDDY INST OF ENGG AND TECHNOLOGY,23,3,20
NARASIMHA REDDY ENGINEERING COLLEGE,23,4,19
ICFAI FOUNDATION FOR HIGHER EDUCATION,23,8,15
TCEK - TRINITY COLLEGE OF ENGINEERING AND TECHNOLOGY,22,4,18
SRM UNIVERSITY AP,21,1,20
SRM INSTITUTE OF SCIENCE AND TECHNOLOGY,21,2,19
VMTW - VIGNANS INST OF MANAGEMENT AND TECH FOR WOMEN,21,5,16
ANDHRA UNIVERSITY COLLEGE OF ENGEENERING (A),20,5,15
AURORA DEEMED TO BE UNIVERSITY,20,1,19
SAVEETHA SCHOOL OF ENGINEERING,19,1,18
MADANAPALLE INSTITUTE OF TECHNOLOGY AND SCIENCE,19,1,18
VISHNU INSTITUTE OF TECHNOLOGY,19,1,18
AMRITA VISHWA VIDYAPEETHAM,19,0,19
JNTUA COLLEGE OF ENGINEERING ANANTAPUR,18,3,15
THE APOLLO UNIVERSITY,18,1,17
BITN - BALAJI INSTITUTE OF TECHNOLOGY AND SCI,18,10,8
SESHADRI RAO GUDLAVALLERU ENGINEERING COLLEGE,18,0,18
HOLY - HOLY MARY INSTITUTE OF TECH SCIENCE (AUTONOMOUS),18,2,16
WITS - WARANGAL INST OF TECHNOLOGY SCIENCE,18,6,12
RAGHU ENGINEERING COLLEGE,17,3,14
RAJIV GANDHI UNIVERSITY OF KNOWLEDGE AND TECHNOLOGIES,17,2,15
SRKR ENGINEERING COLLEGE,17,0,17
AVNI - AVN INST OF ENGG TECHNOLOGY,17,1,16
SASI INSTITUTE OF TECHNOLOGY AND ENGINEERING,17,2,15
QIS COLLEGE OF ENGINEERING AND TECHNOLOGY,17,1,16
RISHI UBR WOMEN'S COLLEGE,17,2,15
NISHITHA DEGREE COLLEGE,17,0,17
ADITYA ENGINEERING COLLEGE,16,0,16
PRESIDENCY UNIVERSITY,16,0,16
SVES - SRI VENKATESWARA ENGINEERING COLLEGE,16,1,15
MAHARAJ VIJAYARAM GAJAPATHI RAJ COLLEGE OF ENGINEERING,16,2,14
ST MARY'S ENGINEERING COLLEGE,16,0,16
BHARATH INSTITUTE OF HIGHER EDUCATION AND RESEARCH,15,0,15
MOHAN BABU UNIVERSITY,15,0,15
"G PULLA REDDY ENGINEERING COLLEGE (AUTONOMOUS), KURNOOL",15,1,14
LAKIREDDY BALI REDDY COLLEGE OF ENGINEERING,15,2,13
"RAJIV GANDHI UNIVERSITY OF KNOWLEDGE TECHNOLOGIES, BASAR",15,2,13
WESL - CSI WESLEY INST OF TECHNOLOGY AND SCIENCES,15,4,11
Rishi ubr women's college,15,1,14
VIGNANS INSTITUTE OF INFORMATION TECHNOLOGY,15,2,13
KIET GROUP OF INSTITUTIONS,15,0,15
SRM UNIVERSITY,14,1,13
SATHYABAMA INSTITUTE OF SCIENCE AND TECHNOLOGY,14,2,12
SNTI - SCIENT INSTITUTE OF TECHNOLOGY,14,0,14
JNTS - J N T U COLLEGE OF ENGINEERING SULTANPUR,14,2,12
SAIS - SAI SPURTI INSTITUTE OF TECHNOLOGY,14,2,12
RGMCET,14,1,13
VBEC - VIGNANA BHARATHI ENGINEERING COLLEGE,14,6,8
VIGNAN INSTITUTE OF INFORMATION TECHNOLOGY,14,0,14
SDES - SREE DATTHA INSTITUTE OF ENGINEERING AND SCIENCE,13,3,10
RAMACHANDRA COLLEGE OF ENGINEERING,13,1,12
BONAM VENKATA CHALAMAYYA ENGINEERING COLLEGE,13,2,11
MALLA REDDY ENGINEERING COLLEGE FOR WOMEN,13,0,13
SR UNIVERSITY,13,1,12
SDGI - SREE DATTHA GRP OF INSTNS,13,1,12
SRI VENKATESWARA COLLEGE OF ENGINEERING,12,0,12
CHANDIGARH UNIVERSITY,12,2,10
GMR INSTITUTE OF TECHNOLOGY,12,1,11
IITT - INDUR INSTITUTE OF ENGINEERING AND TECHNOLOGY,12,5,7
ADITYA DEGREE COLLEGE,12,0,12
NRI INSTITUTE OF TECHNOLOGY,12,0,12
MJCT - M J COLLEGE OF ENGINEERING AND TECHNOLOGY,12,3,9
SMED - ST MARYS GROUP OF INSTITUTIONS,12,0,12
MGUNSF - MGU COLLEGE OF ENGINEERING AND TECHNOLOGY,12,0,12
ANDHRA UNIVERSITY COLLEGE OF ENGINEERING,12,0,12
KTKM - KAMALA INSTITUTE OF TECHNOLOGY AND SCIENCE,11,0,11
BENNETT UNIVERSITY,11,1,10
STUDENT,11,1,10
"RAJIV GANDHI UNIVERSITY OF KNOWLEDGE TECHNOLOGIES,BASAR",11,2,9
AITH - ANNAMACHARYA INST OF TECHNOLOGY AND SCI,11,0,11
MVGR,11,1,10
ANDHRA UNIVERSITY,11,0,11
KAKINADA INSTITUTE OF ENGINEERING AND TECHNOLOGY FOR WOMEN'S,11,0,11
GODAVARI INSTITUTE OF ENGINEERING AND TECHNOLOGY,10,1,9
JAIN UNIVERSITY,10,0,10
UNIVERSITY OF NORTH TEXAS,10,0,10
SATHYABAMA UNIVERSITY,10,0,10
SIR C R REDDY COLLEGE OF ENGINEERING,10,1,9
ASRA - AVANTHIS SCIENTIFIC TECH AND RESEARCH ACADEMY,10,1,9
R.V.R & J.C COLLEGE OF ENGINEERING,10,0,10
NARASARAOPETA ENGINEERING COLLEGE,10,0,10
SREE VIDYANIKETHAN ENGINEERING COLLEGE,10,0,10
ANNAMACHARYA INSTITUTE OF TECHNOLOGY AND SCIENCE RAJAMPET,10,2,8
NATIONAL INSTITUTE OF TECHNOLOGY ANDHRA PRADESH,10,0,10
SAGI RAMA KRISHNAM RAJU ENGINEERING COLLEGE,10,0,10
MANIPAL INSTITUTE OF TECHNOLOGY,10,2,8
NIMRA COLLEGE OF ENGINEERING AND TECHNOLOGY,10,2,8
Rishi UBR women's college,10,0,10
SREENIDHI INSTITUTE OF SCIENCE AND TECHNOLOGY,10,1,9
ACME DEGREE COLLEGE,10,2,8
RAYALASEEMA UNIVERSITY COLLEGE OF ENGINEERING,10,0,10
LOYOLA ACADEMY,9,1,8
VIT-AP UNIVERSITY,9,2,7
SAGI RAMAKRISHNAM RAJU ENGINEERING COLLEGE,9,0,9
G PULLAIAH COLLEGE OF ENGINEERING AND TECHNOLOGY,9,1,8
K L UNIVERSITY,9,2,7
VIT-AP,9,0,9
VIT AP,9,1,8
AURG - AURORAS SCIENTIFIC AND TECHNOLOGICAL INSTITUTE,9,1,8
"CHRIST UNIVERSITY,BANGALORE",9,1,8
SASTRA DEEMED UNIVERSITY,9,2,7
KCEA - KSHATRIYA COLLEGE OF ENGINEERING,9,1,8
KAKINADA INSTITUTION OF ENGINEERING AND TECHNOLOGY,9,0,9
GLA UNIVERSITY,9,0,9
USHA RAMA COLLEGE OF ENGINEERING AND TECHNOLOGY,8,2,6
MAHINDRA UNIVERSITY,8,2,6
ELEN - ELLENKI COLLGE OF ENGG AND TECHNOLOGY,8,1,7
IIT MADRAS,8,0,8
KAKATIYA UNIVERSITY,8,2,6
KNRR - KASIREDDY NARAYANAREDDY COLL ENGG RES,8,0,8
ACHARYA NAGARJUNA UNIVERSITY,8,0,8
LENDI INSTITUTE OF ENGINEERING AND TECHNOLOGY,8,0,8
SIR CR REDDY COLLEGE OF ENGINEERING,8,0,8
BRIG - BRILLIANT GRAMMER SCHOOL EDNL SOC GRP OF INSTNS,8,0,8
TIRUMALA ENGINEERING COLLEGE,8,0,8
KALASALINGAM UNIVERSITY,8,0,8
ST.ANN'S COLLEGE OF ENGINEERING AND TECHNOLOGY,8,2,6
GOVERNMENT INSTITUTE OF ELECTRONICS,8,3,5
CHANDIGARH COLLEGE OF ENGINEERING,8,0,8
VASIREDDY VENKATADRI INTERNATIONAL TECHNOLOGICAL UNIVERSITY,8,0,8
GAYATRI VIDYA PARISHAD COLLEGE OF ENGINEERING,8,1,7
RISHI MS INSTITUTE OF ENGINEERING AND TECHNOLOGY FOR WOMEN,8,1,7
OUCT - O U COLLEGE OF TECH HYDERABAD,8,0,8
SVR ENGINEERING COLLEGE,7,0,7
PACE INSTITUTE OF TECHNOLOGY AND SCIENCES,7,1,6
AUDISANKARA COLLEGE OF ENGINEERING AND TECHNOLOGY,7,1,6
RAGHU INSTITUTE OF TECHNOLOGY,7,1,6
SWARNANDHRA COLLEGE OF ENGINEERING AND TECHNOLOGY,7,0,7
GATE - GATE INSTITUTE OF TECHNOLOGYAND SCIENCES,7,3,4
DHANALAKSHMI SRINIVASAN UNIVERSITY,7,1,6
NARAYANA ENGINEERING COLLEGE,7,0,7
VIJAY RURAL ENGINEERING COLLEGE,7,2,5
VEL TECH UNIVERSITY,7,1,6
ST ANN'S COLLEGE OF ENGINEERING AND TECHNOLOGY,7,0,7
MLTM - MALLA REDDY INSTITUTE OF TECHNOLOGY,7,2,5
JNTUGV COLLEGE OF ENGINEERING VIZIANAGARAM,7,1,6
LAKIREDDY BALIREDDY COLLEGE OF ENGINEERING,7,4,3
ANDHRA LOYOLA INSTITUTE OF ENGINEERING AND TECHNOLOGY,7,1,6
OU,7,1,6
SRIW - SUMATHI REDDY INST OF TECHNOLOGY FOR WOMEN,7,1,6
MAHATMA GANDHI UNIVERSITY,7,0,7
"RAJEEV GANDHI MEMORIAL COLLEGE OF ENGINEERING AND TECHNOLOGY, NANDYAL",7,0,7
JNTHMT - JNTUH-5 YEAR INTEGRATED MTECH SELF FINANCE,7,1,6
KUEWSF - UNIVERSITY COLLEGE OF ENGG AND TECH FOR WOMEN KU CAMPUS,7,5,2
ICFAI,7,1,6
ICFAI TECH,7,1,6
IFHE,7,3,4
KKR & KSR INSTITUTE OF TECHNOLOGY AND SCIENCES,6,0,6
INDIAN INSTITUTE OF INFORMATION TECHNOLOGY DHARWAD,6,2,4
GAYATRI VIDYA PARISAD COLLEGE OF ENGINEERING,6,2,4
"RAJIV GANDHI UNIVERSITY OF KNOWLEDGE TECHNOLOGIES, NUZVID",6,1,5
DHANEKULA INSTITUTE OF ENGINEERING AND TECHNOLOGY,6,0,6
CJIT - CHRISTU JYOTHI INSTITUTE OF TECHNOLOGY AND SCI,6,0,6
VIDHYA JYOTHI INSTITUTE OF TECHNOLOGY,6,0,6
ST.ANN'S COLLEGE OF ENGINEERING AND TECHNOLOGY CHIRALA,6,1,5
VARDHAMAN COLLEGE OF ENGINEERING,6,1,5
INDIAN INSTITUTE OF TECHNOLOGY PATNA,6,1,5
BVRIT HYDERABAD COLLEGE OF ENGINEERING FOR WOMEN,6,1,5
KAKINADA INSTITUTE OF ENGINEERING TECHNOLOGY,6,0,6
ANDHRA UNIVERSITY COLLEGE OF ENGINEERING FOR WOMEN,6,0,6
ARIZONA STATE UNIVERSITY,5,0,5
AURORA DEGREE & PG COLLEGE,5,1,4
LRDS - LORDS INSTITUTE OF ENGINEERING AND TECHNOLOGY (AUTONOMOUS),5,1,4
ALLIANCE UNIVERSITY,5,0,5
PETW - PRINCETON INST OF ENGG TECH FOR WOMEN,5,0,5
"VELLORE INSTITUTE OF TECHNOLOGY, VELLORE",5,0,5
DMSSVH COLLEGE OF ENGINEERING MACHILIPATNAM AFFLIATED TO JNTUK,5,0,5
GAYATRI VIDYA PARISAD COLLEGE OF ENGINEERING FOR WOMEN,5,0,5
SASTRA UNIVERSITY,5,0,5
VIT,5,0,5
DVR AND DR HS MIC COLLAGE OF TECHNOLOGY,5,1,4
KLUNIVERSITY,5,0,5
PRIW - PRIYADARSHINI INSTITUTE OF SCIENCE & TECHNOLOGY FOR WOMEN,5,2,3
ST. ANN'S COLLEGE OF ENGINEERING AND TECHNOLOGY,5,1,4
VIKAS COLLEGE OF ENGINEERING AND TECHNOLOGY,5,0,5
KRISHNA UNIVERSITY,5,0,5
RAJEEV GANDHI MEMORIAL COLLEGE OF ENGINEERING,5,1,4
RVR&JC COLLEGE OF ENGINEERING,5,0,5
CHTS - SREE CHAITANYA INST OF TECHNOLOGY SCIENCES,5,1,4
RAJIV GANDHI UNIVERSITY OF KNOWLEDGE TECHNOLOGIES NUZVID,5,1,4
VIT BHOPAL UNIVERSITY,5,0,5
NIMS UNIVERSITY,5,0,5
MGHA - MEGHA INST OF ENGG AND TECHNOLOGY FOR WOMEN,5,0,5
DAITA MADHUSUDANA SASTRY SRI VENKATESWARA HINDU COLLEGE OF ENGINEERING,5,0,5
UNIVERSITY,5,2,3
UNIVERSITY COLLEGE OF ENGINEERING AND TECHNOLOGY MAHATMA GANDHI UNIVERSITY,5,0,5
AIMS DEGREE COLLEGE,5,0,5
RISHI UBR WOMENS COLLEGE,5,0,5
KUWL - KU COLLEGE OF ENGINEERING AND TECHNOLOGY - SELF FINANCE,5,0,5
Rishi Ubr Women'S College,5,0,5
KMCE- KESHAV MEMORIAL COLLEGE OF ENGINEERING,5,1,4
SAMSKRUTI COLLEGE OF ENGINEERING AND TECHNOLOGY,5,0,5
UNIVERSITY OF HYDERABAD,5,1,4
RAJIV GANDHI UNIVERSITY OF KNOWLEDGE TECHNOLOGIES-BASAR,5,1,4
NIZAM COLLEGE,5,2,3
MU - MAHINDRA UNIVERSITY,5,1,4
VAAGDEVI ENGINEERING COLLEGE,5,2,3
RAJIV GANDHI UNIVERSITY OF KNOWLEDGE TECHNOLOGY,5,0,5
VNR VJIET,5,0,5
KKR AND KSR INSTITUTE OF TECHNOLOGY AND SCIENCES,5,0,5
KIET,5,0,5
ICFAI UNIVERSITY HYDERABAD,5,3,2
NARAYANA ENGINEERING COLLEGE GUDUR,5,0,5
GAYATRI VIDYA PARISHAD COLLEGE FOR DEGREE AND PG COURSES,5,0,5
DR BR AMBEDKAR UNIVERSITY,4,0,4
CENTURION UNIVERSITY OF TECHNOLOGY AND MANAGEMENT,4,1,3
NONE,4,2,2
UNIVERSITY OF CENTRAL MISSOURI,4,0,4
THE OXFORD COLLEGE OF ENGINEERING,4,0,4
IIT GUWAHATI,4,0,4
AVINASH COLLEGE OF COMMERCE,4,0,4
VVIT,4,0,4
"INDIAN INSTITUTE OF INFORMATION TECHNOLOGY SENAPATI, MANIPUR",4,1,3
VELLORE INSTITUTE OF TECHNOLOGY - AP,4,1,3
RAYALASEEMA UNIVERSITY,4,0,4
JAYPEE INSTITUTE OF INFORMATION TECHNOLOGY,4,0,4
VELTECH UNIVERSITY,4,0,4
IIIT SRI CITY,4,2,2
VELLORE INSTITUTE OF TECHNOLOGY CHENNAI,4,0,4
ACCENTURE,4,0,4
UNIVERSITY OF BRIDGEPORT,4,0,4
NIT ANDHRA PRADESH,4,1,3
ANNAMACHARYA UNIVERSITY,4,0,4
GAYATRI VIDYA PARISAD COLLEGE FOR DEGREE AND PG COURSES,4,0,4
BRIL - BRILLIANT INSTT OF ENGG AND TECHNOLOGY,4,0,4
ADITYA UNIVERSITY,4,2,2
UNIVERSITY OF NEW HAVEN,4,0,4
GUDLAVALLERU ENGINEERING COLLEGE,4,1,3
SREE RAMA ENGINEERING COLLEGE,4,0,4
SRMIST,4,2,2
VEL TECH RANGARAJAN DR. SAGUNTHALA R&D INSTITUTE OF SCIENCE AND TECHNOLOGY,4,0,4
VIT CHENNAI,4,1,3
SRINIVASA RAMANUJAN INSTITUTE OF TECHNOLOGY,4,1,3
R.V.R. & J.C. COLLEGE OF ENGINEERING,4,2,2
IIT KHARAGPUR,4,1,3
BAPATLA ENGINEERING COLLEGE,4,0,4
ADITYA INSTITUTE OF TECHNOLOGY AND MANAGEMENT,4,0,4
REVA UNIVERSITY,4,0,4
VIGNANA BHARATI INSTITUTE OF TECHNOLOGY,4,2,2
AMRITA SAI INSTITUTE OF SCIENCE AND TECHNOLOGY,4,1,3
VIT AP UNIVERSITY,4,0,4
RGUKT NUZVID,4,1,3
VELAGAPUDI RAMAKRISHNA SIDDARTHA ENGINEERING COLLEGE,4,1,3
KONERU LAKSHMAIAH EDUCATION FOUNDATION,4,1,3
VIGNANA BHARATHI INSTITUTION OF TECHNOLOGY,4,0,4
"RAJIV GANDHI UNIVERSITY OF KNOWLEDGE TECHNOLOGIES , BASAR",4,2,2
ST.ANNS COLLEGE OF ENGINEERING AND TECHNOLOGY,4,1,3
"MAHATMA GANDHI UNIVERSITY, NALGONDA",4,1,3
IIIT HYDERABAD,4,0,4
KPRIT,4,0,4
DCET - DECCAN COLLEGE OF ENGINEERING AND TECHNOLOGY,4,0,4
ST PETER'S ENGINEERING COLLEGE,4,2,2
OSMANIA UNIVERSITY,4,0,4
NREC - NALLA MALLA REDDY ENGINEERING COLLEGE (AUTONOMOUS),4,1,3
VIDYA JYOTHI INSTITUTE OF TECHNOLOGY,4,1,3
VIGNAN INSTITUTE OF TECHNOLOGY AND SCIENCE,4,0,4
MALLA REDDY COLLEGE OF ENGINEERING,4,2,2
INDIRA GANDHI DELHI TECHNICAL UNIVERSITY FOR WOMEN,4,0,4
BVC ENGINEERING COLLEGE,4,0,4
G PULLA REDDY ENGINEERING COLLEGE,4,0,4
MATRUSRI ENGINEERING COLLEGE,4,0,4
GAUHATI UNIVERSITY,4,0,4
THE ICFAI FOUNDATION FOR HIGHER EDUCATION,4,3,1
JANSONS INSTITUTE OF TECHNOLOGY,4,0,4
SRI VASAVI ENGINEERING COLLEGE,4,0,4
VIGNAN'S INSTITUTE OF INFORMATION AND TECHNOLOGY,4,0,4
KIET GROUP OF INSTITUTION,4,0,4
INDIAN INSTITUTE OF INFORMATION TECHNOLOGY BHOPAL,4,0,4
ST.JOSEPH'S COLLEGE OF ENGINEERING,4,0,4
ICFAI FOUNDATION FOR HIGHER EDUCATION (IFHE),4,0,4
TKM COLLEGE OF ENGINEERING,4,0,4
VEMANA INSTITUTE OF TECHNOLOGY,3,0,3
HCL TECH,3,0,3
UNIVERSITY OF EAST LONDON,3,0,3
SRI VENKATESWARA UNIVERSITY COLLEGE OF ENGINEERING,3,0,3
YSR ENGINEERING COLLEGE OF YVU,3,1,2
ANNAMACHARYA INST OF TECHNOLOGY AND SCIENCES KADAPA,3,0,3
MIRACLE EDUCATIONAL SOCIETY GROUP OF INSTITUTIONS,3,0,3
NATIONAL INSTITUTE OF TECHNOLOGY CALICUT,3,0,3
PES UNIVERSITY,3,1,2
IIT ROORKEE,3,0,3
"VISHNU INSTITUTE OF TECHNOLOGY, BHIMAVARAM",3,0,3
SRI VENKATESWARA UNIVERSITY,3,0,3
SWARANDHRA COLLEGE OF ENGINEERING AND TECHNOLOGY,3,0,3
PUDUCHERRY TECHNOLOGICAL UNIVERSITY,3,0,3
GIET COLLEGE OF ENGINEERING,3,0,3
DR MGR EDUCATIONAL AND RESEARCH INSTITUTE,3,0,3
RMD ENGINEERING COLLEGE,3,0,3
NIT WARANGAL,3,0,3
AMITY UNIVERSITY,3,1,2
"BVC COLLEGE OF ENGINEERING, PALACHARLA",3,0,3
CAPGEMINI,3,0,3
VIGNAN'S INSTITUTE OF ENGINEERING FOR WOMEN,3,0,3
TCS,3,0,3
ILLINOIS INSTITUTE OF TECHNOLOGY,3,0,3
RAJIV GANDHI UNIVERSITY OF KNOWLEDGE AND TECHNOLOGY RK VALLEY,3,0,3
SRI VENKATESWARA COLLEGE OF ENGINEERING AND TECHNOLOGY,3,1,2
SHIV NADAR UNIVERSITY CHENNAI,3,0,3
SANTHIRAM ENGINEERING COLLEGE,3,0,3
GITAM BANGALORE,3,0,3
IIITDM KANCHEEPURAM,3,0,3
RAJIV GANDHI UNIVERSITY OF KNOWLEDGE AND TECHNOLOGY,3,2,1
MHVR - MAHAVEER INSTITUTE OF SCI AND TECHNOLOGY,3,0,3
SRKREC,3,1,2
MANAV RACHNA UNIVERSITY,3,1,2
"VELLORE INSTITUTE OF TECHNOLOGY,VELLORE",3,0,3
MOTK - MOTHER TERESA INSTITUTE OF SCI AND TECHNOLOGY,3,0,3
JSSATE BANGLORE,3,0,3
"NARAYANA ENGINEERING COLLEGE, NELLORE",3,0,3
INDIAN INSTITUTE OF TECHNOLOGY KHARAGPUR,3,0,3
NSRIT,3,0,3
VEL TECH RANGARAJAN DR.SAGUNTHALA R&D INSTITUTE OF SCIENCE AND TECHNOLOGY,3,0,3
RGUKT RK VALLEY,3,0,3
SRM,3,0,3
CHADALAWADA RAMANAMMA ENGINEERING COLLEGE,3,0,3
DADI INSTITUTE OF ENGINEERING AND TECHNOLOGY,3,0,3
NBKR INSTITUTE OF SCIENCE AND TECHNOLOGY,3,0,3
RGUKT ONGOLE,3,1,2
GOVERNMENT DEGREE COLLEGE KHAIRATABAD,3,0,3
COGNIZANT,3,0,3
COMPANY,3,0,3
ST.JOHNS COLLEGE OF ENGINEERING AND TECHNOLOGY,3,0,3
NA,3,1,2
VARDHMAN COLLEGE OF ENGINEERING,3,0,3
ST.MARY'S ENGINEERING COLLEGE,3,0,3
LITTLE FLOWER DEGREE COLLEGE,3,1,2
DRKC - D R K COLLEGE OF ENGINEERING AND TECHNOLOGY,3,0,3
MAHARAJ VIJAYARAM GAJAPATHI RAJ COLLEGE OF ENGINEERING (AUTONOMOUS),3,0,3
ASHOKA WOMEN'S ENGINEERING COLLEGE,3,0,3
VIGNANA BHARTHI INSTITUTE OF TECHNOLOGY,3,2,1
NATIONAL INSTITUTE OF TECHNOLOGY DELHI,3,0,3
B TECH,3,0,3
VIGANA BHARATHI INSTITUTE OF TECHNOLOGY,3,1,2
UNIVERSITY COLLEGE OF SCIENCE (SAIFABAD),3,0,3
UNIVERSITY COLLEGE OF ENGINEERING AND TECHNOLOGY,3,0,3
OSMANIA,3,0,3
RVR & JC COLLEGE OF ENGINEERING,3,0,3
Srinivasa Ramanujan Institute of Technology,3,1,2
ADIKAVI NANNAYYA UNIVERSITY,3,0,3
ACME COLLEGE OF ARTS AND SCIENCE,3,0,3
Wesley degree college for women,3,0,3
Rishi ubr women's degree college,3,0,3
Rishi ubr womens college,3,0,3
Rishi UBR womens college,3,1,2
Rishi Ubr Womens College,3,0,3
SNIST - SREENIDHI INSTITUTE OF SCI AND TECHNOLOGY,3,2,1
R.V.R&J.C COLLEGE OF ENGINEERING,3,0,3
TEEGALA KRISHNA REDDY ENGINEERING COLLEGE,3,2,1
RAJIV GANDHI UNIVERSITY OF KNOWLEDGE AND TECHNOLOGIES BASAR,3,0,3
INSTITUTE OF AERONAUTICAL ENGINEERING,3,0,3
GANDHI INSTITUTE OF TECHNOLOGY AND MANAGEMENT,3,0,3
RGUKT SRIKAKULAM,3,0,3
VALLURUPALLI NAGESWARA RAO VIGNANA JYOTHI INSTITUTE OF ENGINEERING &TECHNOLOGY,3,0,3
NARSIMHA REDDY ENGINEERING COLLEGE,3,1,2
SIR C.R.REDDY COLLEGE OF ENGINEERING,3,1,2
"INDIAN INSTITUTE OF INFORMATION TECHNOLOGY, KOTTAYAM",3,1,2
RISHI MS INST OF ENGG AND TECH FOR WOMEN,3,0,3
KAKINADA INSTITUTION OF ENGINEERING AND TECHNOLOGY FOR WOMEN,3,0,3
MALLAREDDY UNIVERSITY,3,0,3
RAJIV GANDHI UNIVERSITY OF KNOWLEDGE TECHNOLOGIES -BASAR,3,2,1
CHAITHANYA DEEMED TO BE UNIVERSITY,3,0,3
RVR AND JC COLLEGE OF ENGINEERING,3,0,3
NADIMPALLI SATYANARAYANA RAJU INSTITUTE OF TECHNOLOGY,3,0,3
GEETHANJALI INSTITUTE OF SCIENCE AND TECHNOLOGY,3,0,3
GITAM UNIVERSITY,3,0,3
VIIT - VIGNAN'S INSTITUTE OF INFORMATION TECHNOLOGY,3,0,3
JNTUK,3,0,3
KUWLSF - KU COLLEGE OF ENGINEERING AND TECHNOLOGY - SELF FINANCE,3,2,1
MADANAPALLE INSTITUTE OF TECHNOLOGY & SCIENCE,3,0,3
DR BC ROY ENGINEERING COLLEGE,3,0,3
VNRVJIET,3,0,3
AMRITA VISHWA VIDYAPEETHAM CHENNAI,3,0,3
IIT PATNA,3,1,2
KAKINADA INSTITUTIONS OF ENGINEERING AND TECHNOLOGY,3,1,2
KAKINADA INSTITUTE OF ENGINEERING AND TECHNOLGY,3,0,3
SNIST,3,0,3
AKSHAYA WOMEN'S DEGREE COLLEGE,3,0,3
SVHU - SATAVAHANA UNIVERSITY,3,0,3
VISHWA VISHWANI INSTITUTE OF SYSTEMS AND MANAGEMENT,3,1,2
MIC COLLEGE OF TECHNOLOGY,3,0,3
KALINGA INSTITUTE OF INDUSTRIAL TECHNOLOGY,3,1,2
MALLA REDDY COLLEGE OF ENGINEERING AND TECHNOLOGY,3,0,3
VSB ENGINEERING COLLEGE,3,0,3
INDIAN INSTITUTE OF INFORMATION TECHNOLOGY,3,0,3
ST. JOSEPH'S COLLEGE OF ENGINEERING,3,0,3
GAYATRI VIDYA PARISHAD COLLEGE OF ENGINEERING(AUTONOMOUS),3,0,3
AKIT - ABDULKALAM INST OF TECHNOLOGY AND SCI,3,0,3
GLA UNIVERSITY MATHURA,3,0,3
ARJN - ARJUN COLLEGE OF TECHNOLOGY AND SCIENCE,2,0,2
MNRT - MNRCOLLEGE OF ENGINEERING AND TECHNOLOGY,2,0,2
OSMANIA COLLEGE,2,0,2
SRM AP,2,0,2
VASIREDDY VENKATADHRI INSTITUTE OF TECHNOLOGY,2,1,1
"AMRITA SCHOOL OF ENGINEERING, BENGALURU",2,0,2
MUTHAYAMMAL ENGINEERING COLLEGE,2,1,1
SRI KRISHNADEVARAYA UNIVERSITY COLLEGE OF ENGINEERING AND TECHNOLOGY,2,0,2
IIT DELHI,2,0,2
CHET - SRI CHAITANYA TECHNICAL CAMPUS,2,0,2
R.M.K ENGINEERING COLLEGE,2,0,2
UNIVERSITY AT BUFFALO,2,0,2
PACE INSTITUTE OF TECHNOLOGY AND SCIENCE,2,0,2
VIGNAN'S LARA INSTITUTE OF TECHNOLOGY & SCIENCE,2,0,2
NORTHWEST MISSOURI STATE UNIVERSITY,2,0,2
D.N.R COLLEGE OF ENGINEERING AND TECHNOLOGY,2,0,2
BNM INSTITUTE OF TECHNOLOGY,2,0,2
SIR PADAMPAT SINGHANIA UNIVERSITY,2,0,2
SAINT LOUIS UNIVERSITY,2,0,2
NORTHEASTERN UNIVERSITY,2,0,2
NATIONAL INSTITUTE OF TECHNOLOGY DURGAPUR,2,0,2
GITAM VISAKHAPATNAM,2,0,2
SANSKRITHI SCHOOL OF ENGINEERING,2,0,2
SRM AP UNIVERSITY,2,0,2
CHTN - SREE CHAITANYA COLLEGE OF ENGINEERING,2,0,2
ADARSH COLLEGE OF ENGINEERING,2,1,1
VIT VELLORE,2,0,2
VIGNAN UNIVERSITY,2,0,2
UNIVERSITY OF TEXAS AT DALLAS,2,0,2
INDIAN INSTITUTE OF INFORMATION TECHNOLOGY NAGPUR,2,0,2
PVP SIDDHARTHA INSTITUTE OF TECHNOLOGY,2,0,2
PVP SIDDHARTH INSTITUTE OF TECHNOLOGY,2,0,2
VASIREDDY VENKATADRI INSTITUTE OF TECHNOLOGY (VVIT),2,1,1
OKLAHOMA STATE UNIVERSITY,2,0,2
SACRED HEART UNIVERSITY,2,0,2
RV UNIVERSITY,2,2,0
ANDHRA LOYOLA COLLEGE,2,0,2
GARDEN CITY UNIVERSITY,2,0,2
NIAT,2,0,2
BHARATH UNIVERSITY,2,0,2
BALLARI INSTITUTE OF TECHNOLOGY AND MANAGEMENT,2,1,1
VVKN - VIVEKANANDA INSTT OF TECH AND SCI BOMMAKAL,2,0,2
VELLORE INSTITUTION OF TECHNOLOGY,2,0,2
INFOSYS,2,0,2
NATIONAL COLLEGE OF IRELAND,2,0,2
MADANAPALLE INSTITUTION OF TECHNOLOGY AND SCIENCES,2,0,2
SREENIVASA INSTITUTE OF TECHNOLOGY AND MANAGEMENT STUDIES,2,0,2
CENTRAL UNIVERSITY OF KARNATAKA,2,1,1
KRISHNA UNIVERSITY COLLEGE OF ENGINEERING AND TECHNOLOGY,2,1,1
SRK INSTITUTE OF TECHNOLOGY,2,0,2
KAKINADA INSTITUTE OF TECHNOLOGICAL SCIENCES,2,2,0
INDIAN INSTITUTE OF INFORMATION TECHNOLOGY RANCHI,2,1,1
DR LANKAPALLI BULLAYYA COLLEGE OF ENGINEERING,2,0,2
CMR UNIVERSITY,2,0,2
"ACHARYA INSTITUTE OF TECHNOLOGY , BANGALORE",2,0,2
"VELLORE INSTITUTE OF TECHNOLOGY, CHENNAI",2,1,1
LAKI REDDY BALI REDDY COLLEGE OF ENGINEERING,2,0,2
NATIONAL INSTITUTE OF TECHNOLOGY KARNATAKA,2,0,2
SASTRA DEEMED TO BE UNIVERSITY,2,0,2
NARASARAOPET ENGINEERING COLLEGE,2,0,2
VIGNAN INSTITUE OF TECHNOLOGY AND SCIENCE,2,0,2
NO,2,0,2
IITH,2,1,1
"VELLORE INSTITUTE OF TECHNOLOGY,CHENNAI",2,2,0
SAI RAJESWARI INSTITUTE OF TECHNOLOGY,2,0,2
AMITY UNIVERSITY MUMBAI,2,0,2
UNIVERSAL COLLEGE OF ENGINEERING AND TECHNOLOGY,2,0,2
PRIST UNIVERSITY,2,0,2
PBR VITS,2,0,2
INDIAN INSTITUTE OF INFORMATION TECHNOLOGY ALLAHABAD,2,0,2
DAYANANDA SAGAR ACADEMY OF TECHNOLOGY AND MANAGEMENT,2,0,2
R. V. R & J. C COLLEGE OF ENGINEERING,2,0,2
TECH MAHINDRA,2,0,2
IIITDM KURNOOL,2,0,2
SAVEETHA ENGINEERING COLLEGE,2,0,2
ST. JOHNS COLLEGE OF ENGINEERING AND TECHNOLOGY,2,0,2
SWECHA,2,1,1
CHENNAI INSTITUTE OF TECHNOLOGY,2,1,1
KLU,2,1,1
M.V.S.R ENGINEERING COLLEGE,2,0,2
SRINIVAS INSTITUTE OF ENGINEERING AND TECHNOLOGY,2,0,2
ST MARY'S ENGENEERING COLLEGE,2,0,2
"CHHATRAPATI SHAHU JI MAHARAJ UNIVERSITY, KANPUR",2,0,2
KIIT UNIVERSITY,2,0,2
KSR INSTITUTE FOR ENGINEERING AND TECHNOLOGY,2,0,2
GIOE,2,0,2
RAJEEV GANDHI MEMORIAL ENGINEERING COLLEGE,2,0,2
SRI CHAITANYA JR COLLEGE,2,0,2
MVGR COLLEGE,2,0,2
UNIVERSITY COLLEGE OF SCIENCE,2,0,2
AUTONOMOUS,2,1,1
"UNIVERSITY COLLEGE OF SCIENCES, SAIFABAD (OU)",2,0,2
GANDHIJI INSTITUTE OF SCIENCE AND TECHNOLOGY,2,0,2
CIET,2,0,2
PRAGATHI DEGREE COLLEGE,2,1,1
ST. ANN'S COLLEGE OF ENGINEERING & TECHNOLOGY,2,0,2
UNIVERSITY COLLEGE OF ENGINEERING AND TECHNOLOGY MAHATMA GANDHI UNIVERSITY NALGONDA,2,0,2
MAHATMA GANDHI UNIVERSITY NALGONDA,2,0,2
MVGRCE,2,1,1
NARASIMHAREDDY ENGINEERING COLLEGE,2,1,1
UNEMPLOYED,2,0,2
Nehru institute of engineering and technology,2,0,2
Vignana bharathi institution of technology,2,0,2
Nishitha degree college,2,0,2
St Mary's Centenary Degree College,2,0,2
Rishi ubr women's degree College,2,0,2
Rishi UBR Women's College,2,0,2
Rishi ubr women’s college,2,0,2
Rishi uber women's college,2,0,2
Vellore Institute of Technology,2,1,1
Gauhati University,2,0,2
Rishi UBR women's degree college,2,0,2
Rishi women’s degree college,2,0,2
Sree venkateswara college of engineering,2,0,2
Rishi Ubr Women'S,2,0,2
SMIC - ST MARYS INTEGRATED CAMPUS,2,0,2
"MGU, UNIVERSITY COLLEGE OF ENGINEERING AND TECHNOLOGY",2,0,2
VELLORE INSTITUTE OF TECHNOLOGY-AP,2,0,2
CMR COLLEGE OF ENGINEERING AND TECHNOLOGY,2,0,2
KSHATRIYA COLLEGE OF ENGINEERING,2,0,2
SRIDEVI WOMEN'S ENGINEERING COLLEGE,2,0,2
ST. MARTIN'S ENGINEERING COLLEGE,2,0,2
ST.PETERS ENGINEERING COLLEGE,2,2,0
"SRI VENKATESWARA COLLEGE OF ENGINEERING, TIRUPATI",2,0,2
SVS GROUP OF INSTITUTIONS,2,0,2
RGM COLLEGE OF ENGINEERING AND TECHNOLOGY,2,0,2
ISLC - ISL ENGINEERING COLLEGE,2,0,2
"RAJIV GANDHI UNIVERSITY OF KNOWLEDGE AND TECHNOLOGIES,BASAR",2,1,1
MALLAREDDY ENGINEERING COLLEGE FOR WOMEN,2,0,2
VIGNAN'S NIRULA INSTITUTE OF TECHNOLOGY AND SCIENCE FOR WOMEN,2,0,2
NATIONAL INSTITUTE OF TECHNOLOGY KARNATAKA SURATHKAL,2,0,2
LOYOLA ACADEMY DEGREE AND PG COLLEGE,2,1,1
KALSALINGAM ACADEMY OF RESEARCH AND EDUCATION,2,0,2
JAYAMUKHI INSTITUTE OF TECHNOLOGICAL SCIENCES,2,0,2
VELLORE INSTITUTE OF TECHNOLOGY VELLORE,2,0,2
WARANGAL INSTITUTE OF TECHNOLOGY AND SCIENCE,2,0,2
DR. B.C ROY ENGINEERING COLLEGE,2,0,2
SRKIT,2,1,1
INDIAN INSTITUTE OF INFORMATION TECHNOLOGY DESIGN AND MANUFACTURING KANCHEEPURAM,2,0,2
BHARAT INSTITUTE OF ENGINEERING AND TECHNOLOGY,2,0,2
SWARNA BHARATHI INSTITUTE OF SCIENCE AND TECHNOLOGY,2,0,2
RISHI M.S INSTITUTE OF ENGINEERING AND TECHNOLOGY FOR WOMEN,2,0,2
G. NARAYANAMMA INSTITUTE OF TECHNOLOGY AND SCIENCE,2,0,2
RGUKT IIIT BASAR,2,0,2
ETHIRAJ COLLEGE FOR WOMEN,2,0,2
RGUKT-BASAR,2,0,2
GAYATRI VIDYA PARISHAD,2,0,2
VITAP UNIVERSITY,2,0,2
SATYA INSTITUTE OF TECHNOLOGY AND MANAGEMENT,2,0,2
VIGNAN INSTITUTE OF INFORMATION AND TECHNOLOGY,2,0,2
VIGNAN’S INSTITUTE OF INFORMATION TECHNOLOGY,2,0,2
MAHATMA GANDHI INSTITUTE OF TECHNOLOGY,2,0,2
PARUL INSTITUTE OF ENGINEERING AND TECHNOLOGY,2,0,2
MAHARAJ VIJAYARAM GAJAPATHIRAJ COLLEGE OF ENGINEERING,2,0,2
KIET - KAKINADA INSTITUTE OF ENGINEERING AND TECHNOLOGY,2,0,2
JNTU KAKINADA,2,0,2
"INDIAN INSTITUTE OF INFORMATION TECHNOLOGY, MANIPUR",2,0,2
ALPHORES WOMEN'S DEGREE COLLEGE KARIMNAGAR,2,0,2
SPHOORTHY ENGINEERING COLLEGE,2,1,1
SRI VASAVI INSTITUTE OF ENGINEERING AND TECHNOLOGY,2,0,2
NORTHERN ILLINOIS UNIVERSITY,2,0,2
BALAJI INSTITUTE OF TECHNOLOGY AND SCIENCE,2,1,1
VELAGAPUDI RAMAKRISHNA SIDHHARTHA ENGINEERING COLLEGE,2,0,2
"MAULANA AZAD NATIONAL INSTITUTE OF TECHNOLOGY, BHOPAL",2,0,2
KAKINADA INSTITUTIONS OF ENGINEERING AND TECHNOLOGY FOR WOMEN,2,0,2
GITAM DEEMED TO BE UNIVERSITY,2,1,1
SR INTERNATIONAL INSTITUTE OF TECHNOLOGY,2,0,2
KAKINADA INSITUTE OF ENGINEERING AND TECHNOLOGY,2,0,2
TENALI ENGINEERING COLLEGE,2,0,2
INDIAN INSTITUTE OF TECHNOLOGY MADRAS,2,0,2
ALPHORES WOMEN'S DEGREE AND PG COLLEGE,2,0,2
DARE - DARIPALLY ANANTHA RAMULU COLLOF ENGGAND TECH,2,0,2
ST MARTIN'S ENGINEERING COLLEGE,2,2,0
ST.MARTINS ENGINEERING COLLEGE,2,0,2
N.B.K.R INSTITUTE OF SCIENCE AND TECHNOLOGY,2,0,2
KAKINADA INSTITUTION OF EDUCATION AND TECHNOLOGY,2,0,2
GODAVARI INSTITUTION OF ENGINEERING TECHNOLOGY,2,0,2
KAKINDA INSTITUTE OF ENGINEERING AND TECHNOLOGY FOR WOMEN'S,2,0,2
"C.R.RAO ADVANCED INSTITUTE OF MATHEMATICS, STATISTICS AND COMPUTER SCIENCE",2,0,2
RVR & JC,2,0,2
RGMCET - RAJEEV GANDHI MEMORIAL COLLEGE OF ENGINEERING AND TECHNOLOGY,2,0,2
INTERNATIONAL SCHOOL OF TECHNOLOGY AND SCIENCES FOR WOMEN,2,0,2
"VELLORE INSTITUTE OF TECHNOLOGY, AP",2,0,2
"RAJIV GANDHI UNIVERSITY OF KNOWLEDGE TECHNOLOGIES, ONGOLE",2,0,2
BSKR - BHASKAR ENGINEERING COLLEGE,2,0,2
SEG - SREENIDHI UNIVERSITY,2,0,2
NIT DURGAPUR,2,0,2
"SRM UNIVERSITY, AP",2,0,2
OUCTSF - O U COLLEGE OF TECH HYDERABAD - SELF FINANCE,2,0,2
"ICFAI UNIVERSITY, HYDERABAD",2,0,2
K.K. COLLEGE OF ENGINEERING AND MANAGEMENT,2,0,2
DR.MAHALINGAM COLLEGE OF ENGINEERING AND TECHNOLOGY,2,0,2
IFHE UNIVERSITY HYDERABAD,2,1,1
JAWAHARLAL NEHRU TECHNOLOGICAL UNIVERSITY KAKINADA,2,0,2
MVGR - MAHARAJ VIJAYARAM GAJAPATHI RAJ COLLEGE OF ENGINEERING (AUTONOMOUS),2,0,2
KAKINADA INSTITUTE OF ENGINEERING & TECHNOLOGY FOR WOMEN,2,0,2
SUBBALAKSHMI LAKSHMIPATHY COLLEGE OF SCIENCE,2,0,2
RAJIV GANDHI INSTITUTE OF PETROLEUM TECHNOLOGY,2,0,2
ICFAI FOUNDATION FOR HIGHER EDUCATION HYDERABAD,2,2,0
VITS - SRI VISHWESWARAYA INST OF TECHNOLOGY AND SCI,2,0,2
SIDDARTHA INSTITUTE OF SCIENCE AND TECHNOLOGY,2,0,2
SATAVAHANA UNIVERSITY,2,0,2
SIDDHARTH INSTITUTE OF ENGINEERING & TECHNOLOGY,2,0,2
ICFAI UNIVERSITY DONTHANPALLY HYDERABAD,2,0,2
PSCMR COLLEGE OF ENGINEERING AND TECHNOLOGY,2,0,2
HYDERABAD INSTITUTE OF TECHNOLOGY AND MANAGEMENT,2,0,2
KMTS - KHAMMAM INST OF TECHNOLOGY AND SCIENCE,2,0,2
GATES INSTITUTE OF TECHNOLOGY,2,0,2
PRESIDENCY UNIVERSITY BANGALORE,2,0,2
KAKINADA INSTITUTE OF ENGINEERING AND TECHNOLOGY FOR WOMAN,2,0,2
PRIYADARSHI COLLEGE OF DEGREE AND PG,2,0,2
NIMS UNIVERSITY JAIPUR RAJASTHAN,2,0,2
DNR COLLEGE OF ENGINEERING AND TECHNOLOGY,2,0,2
ICFAI FOUNDATION OF HIGHER EDUCATION,2,0,2
INTERNATIONAL INSTITUTE OF INFORMATION TECHNOLOGY BHUBANESWAR,2,0,2
ST JOSEPH'S COLLEGE OF ENGINEERING,2,0,2
"IIIT RKVALLEY, RGUKT",2,0,2
MAHARAJ VIJAYARAM GAJAPATHI RAJ COLLEGE,2,0,2
ST.JOSEPH'S INSTITUTE OF TECHNOLOGY,2,0,2
IIIT BHOPAL,2,0,2
"INDIAN INSTITUTE OF INFORMATION TECHNOLOGY , VADODARA",2,0,2
ATAL BIHARI VAJPAYEE INDIAN INSTITUTE OF INFORMATION TECHNOLOGY AND MANAGEMENT GWALIOR,2,1,1
MAHARANA INSTITUTE OF PROFESSIONAL STUDIES,2,0,2
"NRI INSTITUTE OF TECHNOLOGY, AGIRIPALLI",2,0,2
MANIPAL INSTITUTE OF TECHNOLOGY BANGALORE,2,0,2
DNR COLLAGE OF ENGINEERING AND TECHNOLOGY,2,0,2
PANIMALAR ENGINEERING COLLEGE,2,0,2
SV COLLEGE OF ENGINEERING,2,0,2
KLRT - KLRCOLLEGE OF ENGG AND TECHNOLOGY PALONCHA,2,1,1
RAJIV GANDHI UNIVERSITY OF KNOWLEDGE TECHNOLOGIES -ONGOLE,2,0,2
GAYATRI VIDYA PARISHAD COLLEGE OF ENGINEERING (AUTONOMOUS),2,0,2
BONAM VENKATA CHALAMAYA ENGINEERING COLLEGE,2,0,2
MAHARISHI UNIVERSITY OF INFORMATION TECHNOLOGY,2,0,2
"KAKINADA INSTITUTE OF ENGINEERING AND TECHNOLOGY,KAKINADA",2,0,2
GNU - GURUNANAK UNIVERSITY,2,0,2
AURORA DEGREE AND PG COLLEGE,2,0,2
ST ANN'S COLLEGE FOR WOMEN,2,0,2
RAJIV GANDHI UNIVERSITY OF KNOWLEDGE TECHNOLOGIES - BASAR,2,0,2
UNIVERSITY OF DELHI,2,0,2
KALLAM HARANADHA REDDY INSTITUTE OF TECHNOLOGY,2,0,2
KKR&KSR INSTITUTE OF TECHNOLOGY AND SCIENCES,2,0,2
"VIIT,PUNE",2,0,2
SREYAS INSTITUTE OF ENGINEERING AND TECHNOLOGY,2,0,2
SRM UNIVERSITY ANDHRAPRADESH,2,0,2
LAKIREDDY BALI REDDY COLLEGE OF ENGINEERING (LBRCE),2,0,2
RAYALSEEMA UNIVERSITY COLLEGE OF ENGINEERING,2,0,2
"INDIAN INSTITUTE OF INFORMATION TECHNOLOGY DESIGN AND MANUFACTURING, KANCHEEPURAM",2,0,2
MIT ADT,2,0,2
"GLA UNIVERSITY, MATHURA",2,0,2
LOVELY PROFESSIONAL,1,0,1
SRI SAI COLLEGE OF MANAGEMENT,1,1,0
LKDFJAKLD,1,0,1
SRI VENKATESHWARA UNIVERSITY,1,0,1
ANJIRACHAPI143@GMAOL.COM,1,0,1
SWARNANDHRA COLLEGE OF ENGINEERING TECHNOLOGY,1,0,1
ROHITH VELTURI,1,0,1
UNIVERSITY OF ILLINOIS SPRINGFIELD,1,0,1
SUNY NEW PALTZ & WASHINGTON UNIVERSITY OF SCIENCE AND TECHNOLOGY,1,0,1
SRI VENKATESWARA COLLEGE OF ENGINEERING TIRUPATI,1,0,1
PRAKASAM ENGINEERING COLLEGE,1,0,1
WILMINGTON UNIVERSITY,1,0,1
TEXAS A&M CORPUS CHRISTI,1,0,1
HARRISBURG UNIVERSITY,1,0,1
SRI KRISHNA DEVARAYA UNIVERSITY,1,0,1
VIGNAN BHARTHRI ENGINEERING COLLEGE,1,0,1
RAMACHANDRAN COLLEGE OF ENGINEERING,1,0,1
CHIRAYU,1,1,0
ME,1,1,0
SVCET,1,0,1
ELLANKI COLLEGE OF ENGINEERING AND TECHNOLOGY,1,1,0
SRM UNIVERSITY RAMAPURAM,1,0,1
BANK OF BARODA,1,0,1
UNIVERSITY COLLEGE OF SCIENCE SAIFABAD,1,0,1
UNIVERSITY OF ILLINOIS CHICAGO,1,0,1
SWARANDHARA COLLEGE OF ENGINEERING AND TECHNOLOGY,1,0,1
PURDUE UNIVERSITY,1,0,1
WELLSFARGO,1,0,1
INTELIVERSE TECH SOLUTIONS LLP,1,0,1
BASI REDDY MEMORIAL DEGREE COLLEGE,1,0,1
PRAKASAM ENGINEERING COLLEGE(JNTUK),1,1,0
"NRI INSTITUTE OF TECHNOLOGY, VIJAYAWADA",1,0,1
HKBK COLLEGE OF ENGINEERING,1,0,1
TGRS JC BOYS TOOPRAN,1,0,1
PACE INSTITUE OF TECHNOLOGY AND SCIENCES,1,0,1
SRM INSTITUTE OF SCIENCE AND TECHNOLOGY KATTANKULATHUR,1,0,1
BMR DEGREE COLLEGE GAJWEL,1,0,1
SRI VIDHYA DEGREE COLLEGE,1,0,1
SIR CR REDDY POLYTECHNIC,1,0,1
OREGON STATE UNIVERSITY,1,0,1
BMSCE,1,0,1
KODNEST,1,1,0
JAGANS COLLEGE OF ENGINEERING TECHNOLOGY,1,0,1
SDHR DEGREE COLLEGE,1,1,0
CENTURION UNIVERSITY,1,0,1
M S RAMAIAH UNIVERSITY OF APPLIED SCIENCE,1,1,0
HOLYMARY DEGREE COLLEGE,1,0,1
IIIT NAGPUR,1,0,1
NATIONAL INSTITUTE OF TECHNOLOGY TIRUCHIRAPPALLI,1,0,1
INDIRA PRIYADARSHINI GOVERNMENT DEGREE COLLEGE,1,0,1
COGNITIVEBOTICS,1,0,1
R V INSTITUTE OF TECHNOLOGY AND MANAGEMENT,1,0,1
REALPAGE,1,0,1
VELLORE INSTITUTE OF TECHNOLOGY -AP,1,1,0
NEW ENGLAND COLLEGE,1,0,1
IIT INDORE,1,0,1
JOB SEARCH,1,0,1
VIGNAN LARA INSTITUTE OF TECHNOLOGY & SCIENCES,1,0,1
LIONORBIT.COM,1,0,1
"VELLORE INSTITUTE OF TECHNOLOGY, AP CAMPUS",1,0,1
"VIGNAN’S FOUNDATION FOR SCIENCE, TECHNOLOGY & RESEARCH (VFSTR), GUNTUR",1,1,0
KARUNYA INSTITUTE OF TECHNOLOGY AND SCIENCES,1,0,1
SAVEETHA INSTITUTE OF MEDICAL AND TECHNICAL SCIENCES,1,0,1
PRATHYUSHA ENGINEERING COLLEGE,1,0,1
"INDIAN INSTITUTE OF INFORMATION TECHNOLOGY, KOTA",1,0,1
SRMAP UNIVERSITY,1,0,1
SOILSOFT TECHNOLOGIES,1,0,1
VISHWA VISHWA INSTITUTE,1,0,1
VIGNAN INSTITUTE OF ENGINEERING FOR WOMEN,1,0,1
IIT KANPUR,1,0,1
SANKETIKA VIDYA PARISHAD ENGENEERING COLLEGE,1,0,1
SRI HARSHINI DEGREE COLLEGE,1,0,1
UNIVERSITY OF CINCINNATI,1,0,1
SAMHITHA DEGREE COLLEGE,1,0,1
LOVELY PROFFESSIONAL UNIVERSITY,1,0,1
UNIVERSITY OF VISVESVARAYA COLLEGE OF ENGINEERING,1,0,1
VIRGINIA UNIVERSITY SCIENCE AND TECHNOLOGY,1,0,1
TSWRDC MAHENDRAHILLS AFFILIATED WITH OSMANIA UNIVERSITY,1,0,1
SHRI VISHNU ENGINERING COLLEGE FOR WOMEN,1,0,1
"OSMANIA DEGREE COLLEGE, KURNOOL",1,0,1
MERCEDES BENZ,1,0,1
SEA COLLEGE OF ENGINEERING AND TECHNOLOGY,1,0,1
TEXAS A&M,1,0,1
MIRACLE SOFTWARE SYSTEMS,1,0,1
"UNIVERSITY OF NORTH TEXAS,DENTON",1,0,1
RISHIHOOD UNIVERSITY,1,0,1
OUTLIER,1,0,1
"APS COLLEGE OF ENGINEERING (VTU), KARNATAKA",1,0,1
UNITY DEGREE COLLEGE,1,0,1
HEXAWARE TECHNOLOGIES,1,0,1
SRI CHANDRASEKHARENDRA SARASWATHI VISWA MAHAVIDYALAYA,1,0,1
ADAMS ENGINEERING COLLEGE,1,0,1
COVESTRO AG,1,0,1
NCI,1,0,1
UNIVERSITY OF NEWHAVEN,1,0,1
SIMON FRASER UNIVERSITY,1,0,1
"CALIFORNIA STATE UNIVERSITY, FRESNO",1,0,1
PRIST DEEMED UNIVERSITY,1,0,1
BANKATLAL BADRUKA COLLEGE FOR INFORMATION AND TECHNOLOGY,1,1,0
SRM UNIVERSITY-AP.,1,0,1
S R UNIVERSITY,1,0,1
"INTERNATIONAL INSTITUTE OF INFORMATION TECHNOLOGY, BANGALORE",1,0,1
ST JOSEPH'S DEGREE COLLEGE,1,0,1
KLH UNIVERSITY,1,1,0
ABHINAV BALAJI,1,0,1
OMEGA BUSINESS SCHOOL,1,0,1
NAIMISA PHYSIOTHERAPY,1,0,1
NBKRIST,1,0,1
MALAVIYA NATIONAL INSTITUTE OF TECHNOLOGY JAIPUR,1,0,1
APARAJITHA SOFTWARE SERVICES LIMITED,1,0,1
UNIVERSITY OF BRISTOL,1,0,1
AMAZON,1,0,1
UNIVERSITY OF CONNECTICUT,1,0,1
SRI VENKATESWARA COLLEGE OF ENGINEERING KADAPA,1,0,1
INDIAN INTITUTE OF TECHNOLOGY MANDI,1,0,1
"DIET, GANGURU",1,0,1
VIGNAN FOUNDATION FOR SCIENCE TECHNOLOGY AND RESEARCH,1,0,1
DAYANANDA SAGAR COLLEGE OF ENGINEERING COLLEGE,1,0,1
VELLORE INSTITUTE OF TECHNOLOGY- AP,1,0,1
SRMAP,1,0,1
"MAYNOOTH UNIVERSITY, IRELAND",1,0,1
ST MARY'S GROUP OF INSTITUTIONS GUNTUR,1,1,0
RAVINDRA COLLEGE OF ENGINEERING FOR WOMEN,1,0,1
SRI KAALAHASTISWARA INSTITUTE OF INFORMATION AND MANAGEMENT SCIENCES,1,0,1
AEROSTAR ENGINEERING,1,0,1
PSCMR,1,0,1
UNIVERSITY OF ILLINOIS URBANA CHAMPAIGN,1,0,1
GOVERNMENT COLLEGE AUTONOMOUS RAJAHMUNDRY,1,1,0
ANGLIA RUSKIN UNIVERSITY,1,0,1
QUEEN MARY UNIVERSITY OF LONDON ( GRADUATE ),1,0,1
VIGNANS INSTITUTE OF INFORMATION TECHNOLOGY (A),1,0,1
KENT STATE UNIVERSITY,1,0,1
RAJIV GANDHI UNIVERSITY KF KNOWLEDGR AND TECHNOLOGY,1,0,1
MALINENI LAKSHMAIAH WOMEN'S ENGINEERING COLLGE,1,0,1
VELAGAPUDI RAMAKRISHNA SIDDHARTHA ENGINEERING,1,0,1
RAJIV GANDHI UNIVERSITY OF KNOWLEDGE AND TECHNOLOGY BASAR,1,0,1
CHAITANYA INSTITUTE OF TECHNOLOGY AND SCIENCE,1,0,1
SATHYABAMA,1,0,1
PALAR AGRICULTURAL COLLEGE,1,0,1
VELAGAPUDI RAMAKRISHNA SIDDHARTHA ENGINEERING COLLAGE,1,0,1
SIR C R REDDY ENGINEERING COLLEGE OF ENGINEERING,1,0,1
EADA BUSINESS SCHOOL,1,1,0
UNH,1,0,1
R.V.R & J.C. COLLEGE OF ENGINEERING,1,0,1
TELANGANA MAHILA UNIVERSITY,1,1,0
SIR C.R.REDDY COLLEGE OF ENGINEERING ELURU,1,0,1
INDIAN INSTITUTE OF INFORMATION TECHNOLOGY BHAGALPUR,1,0,1
THE ICFAI UNIVERSITY RAIPUR,1,0,1
SRI VENKATESHWARA COLLEGE OF ENGINEERING,1,0,1
NAGARJUNA UNIVERSITY UNIVERSITY CAMPUS GUNTUR,1,0,1
ROBERT MORRIS UNIVERSITY,1,0,1
GIET UNIVERSITY,1,0,1
ASRITHAKROTHA@GMAIL.COM,1,0,1
NATIONAL INSTITUTE OF TECHNOLOGY MEGHALAYA,1,0,1
C R RAO AIMSCS,1,0,1
JEPPIAAR INSTITUTE OF TECHNOLOGY,1,1,0
RMK COLLEGE OF ENGINEERING AND TECHNOLOGY,1,0,1
GEORGE MASON UNIVERSITY,1,0,1
DIABSOLUT,1,1,0
VELLORE INSTITUTE OF TECHNOLOGY AMARAVATI,1,0,1
WUST,1,0,1
VIGNANA JYOTHI INSTUTITE OF ARTS AND SCIENCE,1,0,1
SRU UNVERISY,1,0,1
IIIT VADODARA INTERNATIONAL CAMPUS DIU,1,0,1
GURUKUL KANGRI UNIVERSITY,1,0,1
NBKR INSTITUTE OF SCIENCE AND TECHNOLOY,1,0,1
SUVEGA TECHNOLOGIES PVT LTD,1,0,1
"UNIVERSITY OF MARYLAND, BALTIMORE COUNTY",1,0,1
UNIVERSITY OF FINDLAY,1,0,1
KALLAM HARANADHAREDDY INSTITUTE OF TECHNOLOGY,1,0,1
COMMUNITY DREAMS FOUNDATION,1,0,1
SRI CHAITANYA INSTITUTE OF TECHNOLOGY SCIENCES,1,0,1
VELLORE INSITUTE OF TECHNOLOGY,1,1,0
SRI KRISHNA DEVARAYA COLLEGE OF ENGINEERING AND TECHNOLOGY,1,0,1
CARNEGIE MELLON UNIVERSITY AFRICA,1,0,1
UNIVERSITY OF MISSOURI,1,0,1
POTTI SRIRAMULU CHALVADI MALLIKARJUNA RAO COLLEGE OF ENGINEERING AND TECHNOLOGY,1,0,1
SS&C,1,0,1
SIVA SIVANI INSTITUTE OF MANAGEMENT,1,0,1
INSTAGRAM,1,0,1
"UNIVERSITY OF BEDFORDSHIRE, UNITED KINGDOM",1,0,1
NAPIER HEALTH CARE,1,0,1
NATIONAL INSTITUTE OF TECHNOLOGY SURATHKAL,1,0,1
OLD BRIDGE HIGH SCHOOL,1,0,1
SRKR BHIMAVARAM,1,0,1
PONNAIYAH RAMAJAYAM INSTITUTE OF SCIENCE AND TECHNOLOGY,1,0,1
LAKIREDDYBALIREDDY COLLEGE OF ENGINEERING,1,0,1
ESWAR COLLEGE OF ENGINEERING,1,0,1
IIIT SRIKAKULAM,1,0,1
VASIREDDY VENKTADRI INSTITUTE OF TECHNOLOGY,1,0,1
INKPROG TECHNOLOGIES,1,0,1
MISSOURI UNIVERSITY OF SCIENCE AND TECHNOLOGY,1,0,1
IVY (ENTAIN PLC),1,0,1
VIGANA DEGREE COLLEGE,1,0,1
MASTERJI DEGREE AND PG COLLEGE,1,0,1
P.S.V COLLEGE OF ENGINEERING AND TECHNOLOGY,1,0,1
UNIVERSITY COLLEGE OF ENGINEERING AND TECHNOLOGY FOR WOMEN(KAKATIYA UNIVERSITY),1,1,0
"UNIVERSITY COLLEGE OF ENGINEERING AND TECHNOLOGY MAHATMA GANDHI UNIVERSITY, NALGONDA",1,1,0
VIGNAN DEGREE AND PG COLLEGE,1,0,1
"B.V.RAJU COLLEGE, BHIMAVARAM",1,0,1
LENDI INSTITUE OF ENGINEERING AND TECHNOLOGY,1,0,1
ASPIRING ENTREPRENEUR,1,0,1
VIGNANA INSTITUTE OF INFORMATION TECHNOLOGY,1,0,1
ACT FIBERNET,1,1,0
VIGNAN INSTITUTE OF MANAGEMENT AND TECHNOLOGY FOR WOMEN,1,0,1
VIGNAN INSTIUTE OF INFORMATION TECHNOLOGY,1,0,1
AIAT,1,0,1
LITTLE FLOWERS DEGREE COLLEGE,1,0,1
SANA ENGINEERING COLLEGE,1,1,0
SHRI MADHWA VADIRAJA INSTITUTE OF TECHNOLOGY & MANAGEMENT (SMVITM),1,1,0
FERGUSON CENTRE FOR HIGHER LEARNING,1,0,1
H MEDIA NETWORKS INDIA PVT LTD,1,0,1
MOTHER THERESA DEGREE COLLEGE,1,0,1
"UNIVERSITY COLLEGE OF SCIENCE, SAIFABAD",1,0,1
GENPACT PVT LTD,1,0,1
FLORIDA ATLANTIC UNIVERSITY,1,0,1
S J C INSTITUTE OF TECHNOLOGY,1,0,1
ST JOSEPH'S DEGREE AND PG COLLEGE,1,0,1
MURRAY STATE UNIVERSITY,1,0,1
BRADLEY UNIVERSITY,1,0,1
HUMANA,1,0,1
CHICAGO STATE UNIVERSITY,1,0,1
"RAJIV GANDHI UNIVERSITY OF KNOWLEDGE TECHNOLOGIES,RK VALLEY",1,1,0
"SAHYADRI COLLEGE OF ENGINEERING AND MANAGEMENT, MANGALORE",1,0,1
MADANAPALLI INSTITUTE OF TECHNOLOGY AND SCIENCE,1,0,1
EXPERIAN,1,0,1
SRI VENKATESWARA UNIVERSITY TIRUPATI,1,0,1
SAILS SOFTWARE SOLUTIONS,1,0,1
VIKAS GROUP OF INSTITUTIONS,1,1,0
UCD,1,0,1
LAKKIREDDY BALIREDDY COLLEGE OF ENGINEERING,1,0,1
VTU BELGAUM,1,0,1
KRISHNA UNIVERSITY MACHILIPATNAM,1,0,1
COVENTRY UNIVERSITY,1,0,1
"RAJIV GANDHI UNIVERSITY OF KNOWLEDGE TECHNOLOGIES, IIIT BASAR",1,1,0
JKC COLLEGE GUNTUR,1,0,1
SOCIAL PRACHER,1,0,1
VISVESWARAYA TECHNOLOGICAL UNIVERSITY BELAGAVI,1,0,1
WIPRO,1,0,1
TORRENS UNIVERSITY,1,0,1
UNIVERSITY OF NORTH CAROLINA AT GREENSBORO,1,0,1
"EX AMAZON, WIPRO, HSBC",1,0,1
"NATIONAL INSTITUTE OF TECHNOLOGY , DURGAPUR",1,1,0
MASTERS GRADUATE,1,0,1
CGI,1,0,1
NIT DELHI,1,0,1
.,1,0,1
S.V.DEGREE COLLEGE,1,1,0
CHHS,1,0,1
SRI VASAVI GMR DEGREE COLLEGE,1,0,1
MALLAREDY COLLEGE,1,0,1
VASIREDDY VENKATDRI INSTITUTE TECHNOLOGY,1,0,1
EY,1,0,1
VFX INDUSTRY,1,0,1
BBCIT,1,0,1
BRN INFO TECH,1,0,1
LAKKIREDDY BALI REDDY COLLEGE OF ENGINEERING,1,0,1
MINDLER,1,0,1
MYBIZZERP,1,0,1
RAJIV GANDHI UNIVERSITY OF KNOWLEDGE TECHNOLOGIES - RKVALLEY,1,1,0
LOVELY PROFESSSIONAL UNIVERSITY,1,0,1
ORACLE INDIA PVT LTD,1,0,1
"RAJIV GANDHI UNIVERSITY OF KNOWLEDGE AND TECHNOOGIES, BASAR",1,0,1
"ASSAM UNIVERSITY, SILCHAR",1,0,1
LAKKIREDDY BALIREDDY COLLEGE OF ENGINEERING AND TECHNOLOGY,1,1,0
MARYVILLE UNIVERSITY,1,0,1
BLEKINGE INSTITUTE OF TECHNOLOGY,1,1,0
RAMACHANDRA COLLEGE OF ENGINEERING VATLUR,1,0,1
NARASARAOPET ENGINEERING COLLEGA,1,0,1
BCBST,1,0,1
SAVEETHA INSTITUTION OF MEDICAL AND TECHNICAL SCIENCES,1,0,1
SR&BGNR COLLEGE KHAMMAM,1,0,1
SASI INSTITUTE OF TECHNOLOGY AND ENGINERRING,1,1,0
"INSTITUTE OF INFORMATICS AND COMMUNICATION, UNIVERSITY OF DELHI",1,0,1
SILVER OAKS INTERNATIONAL SCHOOL,1,0,1
Q2 SOFTWARE,1,0,1
SIRCRREDDY COLLEGE OF ENGINEERING,1,0,1
SASI INTSITUTE OF TECHNOLOGY AND ENGINEERING,1,0,1
NAGA IT SOLUTIONS LTD,1,0,1
"CHANAKYA UNIVERSITY, BENGALURU",1,0,1
ANDERSON UNIVERSITY SOUTH CAROLINA USA,1,1,0
ACHARYA N G RANGA AGRICULTURAL UNIVERSITY,1,0,1
"LNMIIT, JAIPUR",1,0,1
TECHMAHINDRA,1,0,1
INDIAN INSTITUTE OF TECHNOLOGY INDORE,1,0,1
UNIVERSITY OF MISSOURI KANSAS CITY,1,0,1
WEBSTER UNIVERSITY,1,0,1
RGUKT - SRIKAKULAM,1,0,1
10KINFO DATA SOLUTIONS,1,0,1
SRI INDU ENGINEERING AND TECHNOLOGY,1,0,1
SIR M VISVESVARAYA COLLGE OF ENGINEERING,1,0,1
INDEPENDENT RESEARCHER,1,0,1
ST.MARY'S INTEGRATED CAMPUS HYDERABAD,1,0,1
MALINENI LAKSHMAIAH WOMEN'S ENGINEERING COLLEGE,1,0,1
SIDDHARTH EDUCATION ACADEMY GROUP OF INSTITUTIONS,1,0,1
HOUSEWIFE,1,0,1
UNIVERSITY OF HERTFORDSHIRE,1,0,1
NITHIN KUMAR KODIPYAKA,1,0,1
BVC INSTITUTE OF TECHNOLOGY AND SCIENCE AMALAPURAM,1,0,1
KBN PG CENTER,1,0,1
INSTITUTE OF PUBLIC ENTERPRISE,1,0,1
APPLITECH TECHNOLOGIES,1,0,1
ADITYA DEGREE COLLEGE FOR WOMEN RAJAHMUNDRY,1,0,1
DIGITALOPS,1,0,1
UNIVERSITY OF ALABAMA AT BIRMINGHAM,1,1,0
NB SCIENCE &PG COLLEGE,1,1,0
UNIVERSITY OF OTTAWA,1,0,1
MASTERJI DEGREE COLLEGE,1,0,1
HCL IT,1,0,1
ATRIA INSTITUTE OF TECHNOLOGY,1,0,1
BRILLIO TECHNOLOGY,1,0,1
SJM INSTITUTE OF TECHNOLOGY,1,0,1
"SRI VENKATESWARA UNIVERSITY COLLEGE OF ENGINEERING, TIRUPATI",1,0,1
RUTGERS UNIVERSITY NEW BRUNSWICK,1,0,1
VELLORE INSTITUTE OF TECHNOLOGY ANDHRA PRADESH,1,1,0
ANNA UNIVERSITY,1,0,1
MARIS STELLA COLLEGE,1,0,1
TEXAS A&M UNIVERSITY,1,0,1
EAST POINT COLLEGE OF ENGINEERING AND TECHNOLOGY,1,0,1
UNIVERSITY OF DELAWARE,1,0,1
KONERU LAKSHMAIAH UNIVERSITY,1,0,1
GEORGIA INSTITUTE OF TECHNOLOGY,1,0,1
ASCENCIA MALTA BUSINESS SCHOOL,1,0,1
"MANIPAL INSTITUTE OF TECHNOLOGY, MANIPAL",1,1,0
SAROJINI NAIDU VANITA MAHA VIDYALAYA,1,0,1
JSS COLLEGE FOR WOMEN CHAMARAJANAGAR,1,0,1
FLORIDA INTERNATIONAL UNIVERSITY,1,0,1
NRIIT,1,1,0
SRI SAIRAM COLLEGE OF ENGINEERING,1,0,1
SRI SIVASUBRAMANIYA NADAR COLLEGE OF ENGINEERING,1,0,1
"INDIAN INSTITUTE OF ENGINEERING SCIENCE AND TECHNOLOGY, SHIBPUR",1,0,1
RAJARAJESWARI COLLEGE OF ENGINEERING,1,0,1
"KSSEM,VTU",1,0,1
ST MARY'S GROUP OF INSTITUTIONS HYDERABAD,1,0,1
"NATIONAL INSTITUTE OF TECHNOLOGY WARANGAL, NITW",1,0,1
INDIANA UNIVERSITY BLOOMINGTON,1,0,1
JCT COLLEGE OF ENGINEERING AND TECHNOLOGY,1,1,0
NIT ANDHRA,1,0,1
GGC,1,0,1
"NATIONAL INSTITUTE OF TECHNOLOGY, ANDHRA PRADESH",1,0,1
NATIONAL INSTITUTE OF TECHNOLOGY ANDHRAPRADESH,1,0,1
SWAMINARAYAN GURUKUL INTERNATIONAL SCHOOL,1,0,1
SNS COLLEGE OF ENGINEERING,1,0,1
LAKIREDDY BALIREDDY COLLEGE OF OF ENGINEERING,1,1,0
VEL TECH TECHNICAL UNIVERSITY,1,0,1
CHALAWADA RAMANAMMA ENGINEERING COLLEGE,1,0,1
BIZGAZE LIMITED,1,0,1
GOWRA AEROSPACE TECHNOLOGIES PRIVATE LIMITED,1,0,1
"VELLORE INSTITUTE OF TECHNOLOGY, AMARAVATI",1,1,0
NARAYANA ENGINEERING COLLEGE NELLORE,1,0,1
SOLERA INC,1,0,1
BYTE QODE DIGITALS PVT LTD,1,0,1
TECH OPTIMA PRIVATE LIMITED,1,0,1
MVGR COLLEGE OF ENGINEERING -VZM,1,0,1
DIVINCI INNOVATIVE SOLLUTIONS,1,0,1
QUIXY,1,1,0
RAJIV GANDHI UNIVERSITY OF KNOWLEDGE AND TECHNOLOGIES -NUZVID,1,0,1
UNIVERSITY OF NORTH CAROLINA AT CHAPEL HILL,1,0,1
DIRECTV,1,0,1
UCLA,1,0,1
BUCHAPALLI VENKAYAMMA SUBBAREDDY ENGINEERING COLLEGE,1,0,1
9553277602,1,0,1
STUDENT AT RAJIV GANDHI UNIVERSITY OF KNOWLEDGE AND TECHNOLOGIES,1,0,1
SR.ENGINEERING COLLEGE,1,0,1
RAGHU ENGINEERING COLLEGE AFFILIATED BY JNTV,1,1,0
NIT JALANDHAR,1,0,1
MOODLAKATTE INSTITUTE OF TECHNOLOGY KUNDAPURA,1,0,1
BHARATIYA ENGINEERING SCIENCE AND TECHNOLOGY INNOVATION UNIVERSITY,1,0,1
BEST INNOVATION UNIVERSITY,1,0,1
A M REDDY MEMORIAL COLLEGE OF ENGINEERING &TECHNOLOGY,1,0,1
"VELAGAPUDI RAMAKRISHNA SIDDHARTHA ENGINEERING COLLEGE (VRSEC), VIJAYAWADA",1,0,1
NIT AP,1,0,1
ASCENDION ENGINEERING VT LTD,1,0,1
"FLORIDA ATLANTIC UNIVERSITY, GURU NANAK INSTITUTIONS TECHNICAL CAMPUS",1,0,1
DR PAULRAJ ENGINEERING COLLEGE,1,0,1
NORTH CAROLINA STATE UNIVERSITY,1,0,1
RAJIV GANDHI UNIVERSITY OF KNOWLEDGE AND TECHNOLOGIES(BASAR),1,0,1
UNIVERSITY OF LEICESTER,1,0,1
SRINIVAS UNIVERSITY COLLEGE OF ENGINEERING,1,1,0
SRM EASWARI ENGINEERING COLLEGE,1,0,1
A.S.N DEGREE COLLEGE,1,0,1
VIVIDMINDS,1,1,0
SELECTSYS,1,0,1
THARKA DIGITAL PVT LTD,1,0,1
"SRI VENKATESHWARA COLLEGE OF ENGINEERING, BENGALURU",1,0,1
OSMANI UNIVERSITY PG COLLEGE,1,0,1
INTERNATIONAL SCHOOL OF TECHNOLOGY AND SCIENCE FOR WOMEN,1,0,1
GO IT BUILDERS,1,0,1
"RAJIV GANDHI UNIVERSITY OF KNOWLEDGE AND TECHNOLOGY,BASAR",1,0,1
ISTS WOMEN'S ENGINEERING COLLEGE,1,0,1
"VIGNAN'S FOUNDATION FOR SCIENCE, TECHNOLOGY & RESEARCH IS A DEEMED UNIVERSITY IN THE GUNTUR DISTRICT IN ANDHRA PRADESH, INDIA.",1,0,1
"SRI VENKATESHWARA UNIVERSITY COLLEGE OF ENGINEERING, TIRUPATI",1,0,1
SRI CHAITANYA,1,0,1
R.V.R &JC COLLEGE OF ENGINEERING,1,0,1
RGUKT,1,1,0
CAMBRIDGE INSTITUTE OF TECHNOLOGY,1,0,1
NIMMA SECURITY PRIVATE LIMITED,1,0,1
EASWARI ENGINEERING COLLEGE,1,0,1
SAVEETHA UNIVERSITY,1,0,1
UNIVERSITY OF MICHIGAN-DEARBORN,1,0,1
CARGILL BUSINESS SERVICES,1,0,1
TEKEDGE SOLUTIONS,1,0,1
SRI DURGA MALLESWARA SIDDHARTHA MAHILA KALASALA,1,0,1
P.E.S COLLEGE OF ENGINEERING,1,0,1
GVR & S COLLEGE OF ENGINEERING AND TECHNOLOGY (AFF. JNTUK),1,0,1
VIRGINIA COMMONWEALTH UNIVERSITY,1,0,1
RAJIV GANDHI UNIVERSITY OF KNOWLEDGE AND TECHNOLOGIES RK VALLEY IIIT IDUPULAPAYA KADAPA,1,0,1
SATYA DEGREE & PG COLLEGE,1,1,0
"KL UNIVERSITY,VIJAYAWADA",1,0,1
"NATIONAL INSTITUTE OF TECHNOLOGY, SILCHAR",1,1,0
BVCITS,1,0,1
NXT WAVE,1,0,1
SANDIP UNIVERSITY NASHIK,1,0,1
POTTI SRI RAMULU CHALAVADI MALLIKARJUNA RAO COLLEGE OF ENGINEERING AND TECHNOLOGY,1,0,1
INTELLIOZ,1,0,1
WICHITA STATE UNIVERSITY,1,0,1
NEW JERSEY INSTITUTE OF TECHNOLOGY,1,0,1
WIPRO PRIVATE LIMITED,1,0,1
"GOVERNMENT POLYTECHNIC COLLEGE,PILLARIPATTU",1,0,1
AKASH TECH,1,0,1
IIT TIRUPATI,1,0,1
UNIVERSITY OF GENEVA,1,0,1
MVRS ENGINEERING COLLEGE OF SCIENCE AND TECHNOLOGY,1,0,1
UNC CHARLOTTE,1,0,1
POWERTEL SOLUTIONS,1,0,1
"SVU, TIRUPATI",1,0,1
"RAJIV GANDHI UNIVERSITY OF KNOWLEDGE TECHNOLOGIES,SRIKAKULAM",1,0,1
VIGNESH INSTITUTE OF INFORMATION TECHNOLOGY,1,1,0
VAGDEVI DEGREE COLLEGE,1,0,1
JAIN (DEEMED-TO-BE UNIVERSITY),1,0,1
RAMAIAH INSTITUTE OF TECHNOLOGY,1,0,1
SCALER,1,0,1
VELAGAPUDI RAMAKRISHNA SIDDHARTH ENGINEERING COLLEGE,1,0,1
RAGHAVENDRA INSTITUTE OF PHARMACEUTICAL EDUCATION AND RESEARCH,1,0,1
STUDY WORLD COLLEGE OF ENGINEERING,1,0,1
R.M.D. ENGINEERING COLLEGE,1,0,1
SIR MVIT INSTITUTE OF TECHNOLOGY,1,0,1
MVJ COLLEGE OF ENGINEERING,1,1,0
FREELANCE CONTENT WRITER,1,0,1
OSOS PVT LTD,1,0,1
ADHI COLLEGE OF ENGINEERING AND TECHNOLOGY,1,0,1
MMR INSTITUTE OF TECHNOLOGY,1,0,1
"INDIAN INSTITUTE OF TECHNOLOGY (BHU), VARANASI",1,0,1
SHIV NADAR INSTITUTE OF EMINENCE,1,0,1
CHADALAWADA RAMANAMMA ENGINEERING COLLEGE TIRUPATI,1,0,1
ANANTHA LAKSHMI INSTITUTE OF TECHNOLOGY AND SCIENCES,1,0,1
IGNOU,1,0,1
UNIVERSITY OF FLORIDA,1,0,1
RAVI KISHORE VUJJENI,1,1,0
BIRLASOFT,1,0,1
VISVODAYA ENGINEERING COLLEGE,1,0,1
KONERU LAKSHMAIAH UNIVERSITY HYDERABAD,1,0,1
IIIT RGUKT RKV,1,0,1
SVR COLLEGE OF MANAGEMENT STUDIES,1,0,1
TECHNO MAIN SALTLAKE,1,1,0
T-MOBILE,1,0,1
ASSAM KAZIRANGA UNIVERSITY,1,0,1
BML MUNJAL UNIVERSITY,1,0,1
EFICENS SYSTEMS,1,0,1
"VEL TECH UNIVERSITY, CHENNAI",1,0,1
VITAP,1,0,1
AMITY UNIVERSITY KOLKATA,1,0,1
SIMPLIFORGE CREATIONS,1,0,1
"SRI VENKATESHWARA COLLEGE,BENGALORE",1,0,1
SRMIST RMP,1,0,1
UNIVERSITY OF HOUSTON,1,0,1
SSR DEGREE COLLEGE,1,0,1
KRISTU JAYANTI COLLEGE,1,0,1
COMPUTER SCIENCE & ENGINEERING,1,0,1
SR COLLAGE,1,0,1
VITS KARIMNAGAR,1,0,1
KONERU LAKSHMAIAH DEEMED TO BE UNIVERSITY,1,0,1
SREE VENKATESHWARA ENGINEERING COLLEGE,1,1,0
SRI SAIRAM INSTITUTE OF TECHNOLOGY,1,0,1
SIR.C.R.REDDY COLLEGE OF ENGINEERING,1,0,1
JOHANNES KEPLER UNIVERSITY,1,0,1
FISERV,1,1,0
KRUSHNA UNIVERSITY,1,0,1
OZONETEL COMMUNICATION PVT. LTD.,1,0,1
"PRASAD V.POTLURI SIDDHARTHA INSTITUTE OF TECHNOLOGY, VIJAYAWADA",1,0,1
DB4CLOUD TECHNOLOGY PVT LTD,1,0,1
SATHYABAMA UNIVERSITY OF SCIENCE AND TECHNOLOGY,1,0,1
GRAPHIC ERA HILL UNIVERSITY,1,0,1
KKR & KSR INSTITUTE OF TECHNOLOGY & SCIENCES,1,0,1
TERI SCHOOL OF ADVANCED STUDIES,1,0,1
SIR CR REDDY COLLEGE OF ENGINNERING,1,0,1
BHARGAVI DADITHOTHA,1,0,1
TARA GOVERNMENT DEGREE COLLEGE,1,0,1
"SRM INSTITUTE OF SCIENCE AND TECHNOLOGY, CHENNAI",1,1,0
RGM COLLEGE OF ENGINEERING AND Y,1,0,1
RAJEEV GANDHI MEMORIAL COLLEGE OF ENGINEERING AND TECHNOLOGY AUTONOMOUS,1,0,1
RGM COLLEGE,1,1,0
RGM COLLAGE OF ENGINEERING AND TECHNOLOGY,1,0,1
SRINIVASA CHEYYRU,1,0,1
USMANIA UNIVERSITY,1,1,0
SRINIVASA INSTITUTE ENGINEERING AND TECHNOLOGY,1,0,1
RGMCET ENGINEERING,1,0,1
REKHA SAKIPALLI,1,0,1
RGM COLLAGE OF ENGINEERING,1,0,1
SRINIVASA INSTITUTE OF ENGINEERING TECHNOLOGY TECHNOLOGY,1,0,1
SRINIVASA ENGINEERING AND TECHNOLOGY,1,0,1
VIGANAN BHARATHI INSTITUTE OF TECHNOLOGY,1,0,1
VAADGAVI ENGENEERING COLLEGE,1,0,1
KLEF,1,1,0
NEAR POLMON COMPANY,1,1,0
VARDHMAAN COLLEGE OF ENGINEERING,1,0,1
MOTIONCUT,1,1,0
VIT BHOPAL,1,0,1
RGM COLLEGE OF ENGINEERING,1,0,1
NSAKCET,1,0,1
NIT - Warangal,1,0,1
"UNIVERSITY COLLEGE OF MANAGEMENT HYDERABAD, JNTUH",1,0,1
GOVERNMENT JUNIOR COLLEGE,1,0,1
SRINIVASA INSTITUTE OF ENGENEERING AND TECHNOLOGY,1,0,1
VIGANA BHARTI INSTITUTE OF TECHNOLOGY,1,1,0
BADDAM BALREDDY BUSINESS SCHOOL,1,0,1
BHAVANS VIVEKANANDA COLLEGE,1,1,0
STIDEVI WOMEN’S ENGINEERING COLLEGE,1,0,1
SRINIVASA INSTITUTE OF ENGINEERING AND TECHNOLEDGE,1,0,1
SIIET,1,0,1
ST .MARY'S ENGINNERING COLLEGE,1,0,1
ST.MARY'S ENGEENERING COLLEGE,1,0,1
RGM,1,0,1
ST. MARY'S GROUP OF INSTITUTION HYDERABAD,1,0,1
ST.MARRYS ENGINEERING COLLEGE,1,0,1
VAAGDEVIENGEERINGCOLLEGE,1,0,1
ST.MARY ENGINEERING COLLEGE,1,0,1
INDUS UNIVERSITY,1,1,0
F. C. RODRIGUES INSTITUTE OF TECHNOLOGY,1,0,1
ST MARY’S ENGINEERING COLLAGE,1,0,1
VAAGDEVI ENGENEERING COLLEGE,1,0,1
ITM SLS BARODA UNIVERSITY,1,0,1
M.V.S.R,1,0,1
OU UNIVERSITY,1,0,1
K.S.RIET,1,0,1
GURU TEGH BAHADUR 4TH CENTENARY ENGINEERING COLLEGE,1,0,1
INDIAN INSTITUTE OF TECHNOLOGY (INDIAN SCHOOL OF MINES )DHANBAD,1,1,0
KL UNIVERSITY AZIZNAGAR HYDERABAD,1,0,1
NALLA REDDY ENGINEERING COLLEGE,1,0,1
VIGNANA BARATHI INSTITUTE OF TECHNOLOGY,1,0,1
VIGANA BHARATHI INSTITUTION OF TECHNOLOGY,1,0,1
AL AMEEN ENGINEERING COLLEGE,1,0,1
ST MARY ENGINEERING COLLEGE,1,0,1
ST MARY'S COLLEGE,1,0,1
BHARATH INSTITUTE OF SCIENCE AND TECHNOLOGY,1,0,1
VJIY,1,0,1
JSJSJE,1,0,1
KONNER LAKSHMAIAH UNIVERSITY,1,0,1
VIDHYA JYOTHI INSTITUTE OF TECHNOLOGY (COLLEGE),1,0,1
K S R COLLEGE FOR ENGINEERING AND TECHNOLOGY,1,0,1
SRINIVASA INSTITUTE OF ENGINEERING & TECHNOLO,1,0,1
GOLLA SAI KUMAR,1,0,1
VIDHYA JYOTI INSTITUTE OF TECHNOLOGY,1,0,1
MICROSOFT,1,0,1
v,1,1,0
"SRI VENKATESWARA COLLEGE OF ENGINEERING,KADAPA",1,0,1
ADDANKI VAISHNAVI,1,0,1
CME COLLEGE OF ENGINEERING AND TECHNOLOGY,1,1,0
KONERU LAKSHMAIAH EDUCATION FOUNDATION BACHUPALLY,1,1,0
LIKHITHA JUJJUWARAPU,1,1,0
"GOVT POLYTECHNIC COLLEGE, MASAB TANK",1,0,1
E,1,0,1
YAMINI POTHANA,1,0,1
SANJEEV DEGREE COLLEGE,1,0,1
SR GEC,1,0,1
BANASTHALI VIDHYAPITH,1,1,0
VIGNAN INSTITUTES OF TECHNOLOGY AND SCIENCE,1,0,1
ONLINE CHANDIGARH UNIVERSITY,1,0,1
TSWRDC W KARIMNAGAR,1,0,1
KORRA RAHUL,1,0,1
HYNDHAVI,1,0,1
ECE,1,0,1
EVERNORTH HEALTH SERVICES,1,0,1
R,1,0,1
RAJEEV GANDHI MEMORIAL INSTITUTE OF TECHNOLOGY AND ENGINEERING,1,0,1
MAHARAJ VIJAYRAM GAJAPATHI RAJ COLLEGE OF ENGINEERING (A),1,0,1
RADHAKRISHNAMATTA5757@GMAIL.COM,1,1,0
M.V.G.R COLLEGE OF ENGINEERING,1,0,1
MVGR COLLEGE OF ENGINEERING (A),1,0,1
MAHARAJ VIJAY RAM GANAPATHI RAJ COLLEGE OF ENGINEERING,1,0,1
DONT HAVE SUCH,1,0,1
CRRAO INSTITUTE,1,0,1
SRINIVASA INSTITUTE OF ENGINEERING AND TECHNOLOGY CHEYYERU-AMALAPURAM,1,0,1
MVGR ENGINEERING COLLEGE,1,0,1
HERITAGE INSTITUTE OF TECHNOLOGY,1,0,1
NIMRA ENGINEERING AND TECHNOLOGY,1,0,1
LEARNING DESTINY,1,0,1
RAJEEV GHANDHI MEMORIAL COLLEGE OF ENGINEERING AND TECHNOLOGY,1,0,1
TEGALLA KRISHNA REDDY COLLEGE,1,1,0
"MAHARAJ VIJAYARAM GAJAPATHI RAJ COLLEGE OF ENGINEERING , VIZIANAGARAM",1,0,1
ALML,1,1,0
DR.HARI SINGH GOUR UNIVERSITY,1,0,1
NAZAR SHAH ALAM KHAN COLLEGE OF ENGINEERING AND TECHNOLOGY,1,0,1
UNIVERSITY COLLEGE OF SCIENCE SAIFABAD (OU),1,0,1
THEEGALA KRISHNA REDDY ENGINEERING COLLEGE,1,0,1
OSMANIA UNIVERSE,1,0,1
NAGARJUNA UNIVERSITY,1,0,1
"GOVERNMENT DEGREE COLLEGE OF WOMEN'S, BEGUMPET",1,0,1
CHATRAPATHI INSTITUTE OF TECHNOLOGY AND ENGINEERING,1,0,1
RGUKT IIIT NUZVID,1,0,1
RAJIV GANDHI INSTITUTE OF TECHNOLOGIES NUZVID,1,0,1
"RGUKT, NUZVID",1,0,1
NIT ROURKELA,1,0,1
SAGI RAMA KRISHNAM RAJU ENGINEERING AFFILIATED JNTUK,1,0,1
RGUKT NUZIVID,1,0,1
AURORA HIGHER EDUCATION AND RESEARCH ACADEMY,1,0,1
IIIT RGUKT NUZVID,1,0,1
"ANDHRA MAHILA SABHA ARTS AND SCIENCE COLLEGE, OSMANIA UNIVERSITY",1,1,0
AICTE AFFILIATED,1,0,1
GOVT MAHILA ENGINEERING COLLEGE AJMER,1,0,1
VIGNAN JYOTHI INSTITUTE OF ENGINEERING AND TECHNOLOGY,1,0,1
AKBAR PEERBHOY COLLEGE OF COMMERCE AND ECONOMICS,1,0,1
AL,1,0,1
SIET,1,0,1
SRINIVASA INSTITUTION OF ENGINEERING AND TECHNOLOGY,1,0,1
ST MARY'S ENGINEERING COLLEGE DESMUKI HYDERABAD,1,0,1
SIDDHARTHA DEGREE AND PG COLLEGE,1,0,1
VIGNANABHARATHI INSTITUTE OF TECHNOLOGY,1,0,1
VIGNANA BHARATHI INSTUTE OF TECHNOLOGY,1,0,1
INNOVAPATH IT SOLUTIONS,1,0,1
VIGNAN BHARTI INSTITUTE OF TECHNOLOGY,1,1,0
FRESHER,1,0,1
K.R.MANGALAM UNIVERSITY,1,0,1
ST ANN'S ENGINEERING COLLEGE,1,0,1
APOLLO INSTITUTE OF AGRICULTURE AND RESEARCH,1,0,1
ST ANNS COLLEGE OF ENGINEERING AND TECHNOLOGY,1,0,1
SACET STUDENT,1,0,1
UNIVERSITY COLLEGE OF ENGINEERING AND TECHNOLOGY MAHATAMA GANDHI UNIVERSITY,1,0,1
UNIVERSITY COLLEGE OF ENGINEERING AND TECHNOLOGY MAHATAMA GANDHI UNIVERSITY NALGONDA,1,0,1
JITS,1,0,1
M.V.G.R. COLLEGE OF ENGINEERING,1,0,1
MAHATMA GANDHI UNIVERSITY NALGONDA TELANGANA,1,0,1
MAHARAJ VIJAYRAM GAJAPATHI RAJ COLLEGE,1,0,1
MAHATMA GANDHI UIVERSITY-NALGONDA,1,0,1
MVGR COLLEGE OF ENGINEERING VIZIANAGARAM,1,0,1
MVGR COLLEGE OF ENGINEERING(A),1,0,1
JADAVPUR UNIVERSITY,1,0,1
M V G R COLLEGE OF ENGINEERING,1,0,1
BCRIT,1,0,1
MALINENI SUSEELAMMA WOMEN'S ENGINEERING,1,0,1
"NARAYANA ENGINEERING COLLEGE, GUDUR",1,1,0
SAI UNIVERSITY,1,0,1
VIGNAN INSTITUTE OF MANAGEMENT AND TECHNOLOGY FOR WOMEN KONDAPUR,1,0,1
MALLINENI SUSELAMMA WOMEN'S ENGINEERING COLLEGE,1,0,1
VIGNAN BHARTHI INSTITUTE OF TECHNOLOGY,1,0,1
"MAHARAJ VIJAYARAM GAJAPATI RAJ COLLEGE OF ENGINEERING,VIZIANAGARAM",1,1,0
NAAC,1,0,1
"JSS SCIENCE AND TECHNOLOGY UNIVERSITY, MYSURU",1,0,1
COGNICO,1,0,1
CENTRAL UNIVERSITY OF JAMMU,1,0,1
BABA INSTITUTE OF TECHNOLOGY AND SCIENCES,1,0,1
MPHASIS,1,0,1
NARASIMHA REDDY ENGENEERING COLLEGE,1,0,1
NARASHIMA REDDY ENGINEERING COLLEGE,1,0,1
ST. JOSEPHS DEGREE & PG COLLEGE,1,1,0
ORGANIZATION,1,0,1
PERSPECTAI,1,0,1
VIGNANABHARATHI INSTITUTION OF TECHNOLOGY,1,0,1
NACC,1,0,1
SIES GRADUATE SCHOOL OF TECHNOLOGY,1,1,0
PLAKSHA UNIVERSITY,1,0,1
UCET MAHATMA GANDHI UNIVERSITY,1,0,1
NARASIMHA REDDY ENGINERING COLLEGE,1,0,1
NARASIMHAREDDY ENGENEERING COLLEGE,1,0,1
SRI BALAJI UNIVERSITY PUNE,1,0,1
NARASIMHA REDDY ENGINEERING COLLEGES,1,0,1
"SCHOOL OF COMPUTER & INFORMATION SCIENCES, UNIVERSITY OF HYDERABAD.",1,1,0
"MVGR COLLEGE OF ENGINEERING CHINTALAVALASA, VIZIANAGARAM",1,0,1
R.V.R & J. C COLLEGE OF ENGINEERING,1,0,1
VAAGDEVI DEGREE AND PG COLLEGE HANUMAKONDA,1,0,1
KL DEEMED TO BE UNIVERSITY,1,1,0
VIGNAN’S INSTITUTE OF MANAGEMENT AND TECHNOLOGY FOR WOMEN,1,0,1
ORABASE SOLUTIONS LLC,1,0,1
RESEARCH SCHOLAR OU,1,0,1
VIGNAN COLLAGE,1,0,1
VIGNAN INSTITUTE OF ENGINEERING AND TECHNOLOGY COLLEGE DHESHMUK,1,0,1
VIGNAN COLLEGE OF TECHNOLOGY AND SCIENCE,1,0,1
PRAGNYA DEGREE COLLEGE,1,0,1
PRAGATHI,1,0,1
INDIAN INSTITUTE OF INFORMATION TECHNOLOGY RAICHUR,1,0,1
INDIAN INSTITUTE OF TECHNOLOGY BOMBAY,1,1,0
VIGNAN'S INSTITUTE OF MANAGEMENT AND TECHNOLOGY FOR WOMEN,1,0,1
TRR COLLEGE OF TECHNOLOGY POLYTECHNIC,1,1,0
"SRINIVASA RAMANUJAN INSTITUTION OF TECHNOLOGY, BKS MANDAL,ANANTAPUR , ANDHRAPRADESH",1,0,1
SRINIVAS UNIVERSITY,1,1,0
GOVERNMENT POLYTECHNIC BUXAR,1,0,1
VIGYAN BHARATHI INSTITUTE OF TECHNOLOGY,1,0,1
JUST PASSED,1,0,1
PRODIGY SYSTEMS AND SERVICE PRIVATE LIMITED,1,0,1
Narasimha Reddy Engineering,1,0,1
IPS academy Indore RGPV affiliated,1,1,0
Indian institute of technology patna,1,0,1
Singareni collieries polytechnic,1,0,1
no affiliation,1,0,1
Vasireddy Venkatadri Institute of Technology,1,1,0
Sri Sairam Engineering College,1,0,1
VIGNANA BHARATHI INSTITUTE OF TECNOLOGY,1,0,1
Sathyabama Institute of Science and Technology,1,0,1
"Rajiv Gandhi University of knowledge technologies, nuzvid, Andhrapradesh",1,0,1
Vemu Institute of Technology,1,1,0
VIAP,1,0,1
"Vellore Institute of technology, Amaravati",1,1,0
Jaipur National University,1,0,1
Algoleap Technologies Pvt Ltd,1,0,1
Terralogic software solutions Pvt Ltd,1,0,1
Pandit Deendayal Energy University,1,0,1
Simform,1,0,1
Pccoe,1,0,1
Techno International Newtown,1,0,1
Army Institute of Technology Pune,1,0,1
VignanaBharathi Institute Of Technology,1,0,1
Tala Padmavathi college of engineering (Autonomous ),1,1,0
Sanskriti school of engineering,1,1,0
KG college of arts and science,1,0,1
Bcom computers final year osmania university,1,0,1
"Rustamji Institute of Technology (BSF), Gwalior",1,1,0
St.Mary's college,1,0,1
St Mary's centenary degree College,1,0,1
Ushodaya degree college,1,0,1
st Mary's centenary degree college,1,0,1
MIT Manipal,1,0,1
raghu institute of techology,1,0,1
St. Mary's Centenary Degree College,1,0,1
St Paul's degree college,1,0,1
Nishitha Degree College,1,0,1
Nishitha degree and pg college,1,0,1
Nishitha pg college,1,0,1
St Paul's degree & pg College,1,1,0
Omega,1,0,1
KL University Hyderabad,1,0,1
KKR & KSR Institute of Technology and Sciences,1,0,1
Cbse School,1,0,1
Manipal Institute of Technology Bangalore,1,0,1
St. Joseph’s degree college,1,0,1
V.S.B Engineering College,1,0,1
St.,1,0,1
Maharishi University of information technology,1,1,0
Swarnaandhra College of Engineering and Technology,1,0,1
Thalla Padmavathi,1,0,1
pragati engineering college afflicted to Jawaharlal Nehru technological University Kakinada,1,0,1
St Mary's centenary Degree college,1,0,1
ST. MARY'S CENTENARY DEGREE COLLEGE,1,0,1
Wesley degree and pg college for women,1,0,1
Wesley degree college,1,0,1
St Mary's Engineering college,1,0,1
PSG Polytechnic college,1,0,1
"Vellore institute of technology, chennai",1,0,1
Rishi Ubr Womens degree college,1,1,0
Rishi ubr women's clg,1,0,1
"Chaudhary Devi Lal University, Sirsa",1,0,1
Osmina university,1,0,1
Jawa,1,0,1
Spectrum institute of management and computer science,1,0,1
Rishi M.S.institute of Engineering and technology For women,1,1,0
Rishi women’s,1,0,1
Serole technologies,1,0,1
Kprit coe,1,0,1
Kprit,1,0,1
Kamal Pratap Reddy institution of technology,1,0,1
Banaras Hindu University,1,0,1
VISWAM AI,1,1,0
St Paul's degree and pg college,1,0,1
Rishi ubr women college,1,0,1
Kaktiya Institute of science and technology for women,1,1,0
Rishi M.S institute of engineering and technology for women,1,0,1
Tesco,1,0,1
Rishi M.S Institute of Engineering and Technology for Women,1,1,0
Rishi UBR woman's college,1,0,1
Rishi ubr women's college B.COM,1,0,1
RISHI UBR women's college,1,0,1
Rishi women's degree college,1,0,1
Rishi ubr women degree College,1,0,1
Rishiubrwomenscollege,1,0,1
KLU - K L University,1,1,0
Rishi UBR women's College,1,0,1
RISHI UBR COLLEGE FOR WOMEN'S,1,0,1
RISHI UBR DEGREE WOMEN'S COLLEGE,1,0,1
RISHI UBR COLLEGE FOR WOMENS,1,0,1
NIT Karnataka,1,0,1
SRM institute of Science and Technology,1,0,1
Vellore institute of technology ap,1,0,1
S R M institute of science and technology,1,0,1
TKM College of Engineering,1,0,1
Psg institute of technology and applied research,1,0,1
Rishi UBR Women's college,1,0,1
Rishi ubr womens collage,1,0,1
mvgr college of engineering,1,0,1
Maharaj vijayaram gajapathi raj college of engineering,1,0,1
St Mary Degree College,1,0,1
UGC autonomous affiliated with JNTUH,1,0,1
MVGRCE- Maharaj Vijayaram Gajapathi Raj College of engineering,1,1,0
MVGR College of Engineering,1,0,1
Maharaj Vijayaram Gajapathi Raj College of Engineering (Autonomous),1,0,1
Maharaj Vijayaram Gajapathi Raj College of Engineering,1,0,1
MVGR college of engineering,1,0,1
maharaj vijayaram gajapathiraj college of engineering,1,0,1
Maharaj Vijayaram Gajapathi Raj college of Engineering,1,1,0
na,1,1,0
"MVGR College of Engineering, JNTUK Affiliated",1,0,1
VRSEC-Velagapudi Ramakrishna Siddartha Engineering College,1,0,1
Maharaj vijayaram gajapathi raj College of engineering,1,0,1
Rishiubr Womens College,1,0,1
Rishi Ubr Women College,1,0,1
Wesley Degree College For Wowen,1,0,1
R.V.R &J.C College Of Engineering,1,0,1
Maharaj Vijayaram Gajapathi Raj College Of Engineering (Autonomous),1,0,1
Nri Institute Of Technology,1,0,1
Driems University,1,0,1
R.V.R. & J.C.College Of Engineering,1,0,1
Rishi Ubr Women'S Degree College,1,0,1
"Rajiv Gandhi University Of Knowledge Technologies, Srikakulam",1,0,1
Iit Dharwad,1,0,1
"Acharya Narendra Dev College, University Of Delhi",1,0,1
Rishiurwomensdegreecollege,1,0,1
Srm University,1,0,1
"Dr.A.P.J. Abdul Kalam Technical University, Lucknow",1,0,1
Shri Vishnu Engineering College For Womens Women,1,0,1
SASTRA,1,0,1
AVINASHILINGAM INSTITUTE FOR HOME SCIENCE AND HIGHER EDUCATION FOR WOMEN'S,1,1,0
"I.K GUJRAL PUNJAB TECHNICAL UNIVERSITY, KAPURTHALA",1,1,0
GUARDIAN INDIA,1,0,1
INDIRA GANDHI DELHI TECHNICAL UNIVERSITY,1,0,1
VELLORE INSTITUTE OF TECHNOLOGY - AMRAVATI,1,0,1
SRIIT,1,0,1
SNIST- SREENIDHI INSTITUTE OF SCIENCE AND TEXHNOLOGY,1,0,1
NALLA MALLA REDDY ENGINEERING COLLEGE,1,0,1
SWAMI VIVEKANAND INSTITUTE OF TECHNOLOGY,1,0,1
SRI Y N COLLEGE,1,0,1
RISHI UBR WOMEN'S DEGREE COLLEGE,1,0,1
SREE RAMACHANDRA DEGREE AND PG COLLEGE,1,0,1
ROBERT BOSCH GLOBAL SOFTWARE,1,0,1
TYNYBAY PRIVATE LIMITED,1,0,1
MLID- MARRI LAXMAN REDDY INST OF TECHNOLOGY AND MANAGEMENT (AUTONOMOUS),1,0,1
KOMMURI PRATAP REDDY INSTITUTE,1,0,1
VIGNANA BHARATHI INSTITUTE OF TECHNOLOGY AUSHAPUR,1,0,1
LFJC,1,0,1
RAGIV GANDHI UNIVERSITY OF KNOWLEDGE TECHNOLOGIES BASAR,1,0,1
SRI INDU COLLEGE OF ENGINNERING AND TECHNOLOGY,1,0,1
SCET - SHADHAN COLL OF ENGINEERING AND TECHNOLOGY,1,1,0
git,1,1,0
RVCE,1,0,1
ENGINEERING COLLEGE,1,0,1
UNIVERSITY OF BRIDEPORT,1,0,1
VIEW- VIGNAN'S ISNTITUTE OF ENGINEERING FOR WOMEN,1,0,1
MLRITM,1,0,1
AUDI SANKAR COLLEGE OF ENGINEERING AND TECHNOLOGY,1,0,1
VIGNAN,1,0,1
VIGNAN BHARATHI INSTITUTE OF TECHNOLOGY,1,0,1
VBIT - VIGNANA BHARATHI ENGINEERING COLLEGE,1,1,0
"NATIONAL INSTITUTE OF TECHNOLOGY, CALICUT",1,1,0
MIT ADT UNIVERSITY,1,0,1
BHAVAN'S VIVEKANANDA COLLEGE,1,0,1
INDIAN INSTITUE OF TECHNOLOGY KHARAGPUR,1,0,1
AURORA PG COLLEGE,1,1,0
SAI SUDHIR DEGREE PG CLG,1,0,1
RGUKT-RK,1,1,0
"VIJAYA ENGINEERING COLLEGE, KHAMMAM",1,0,1
SREE DATTHA INSTITUTE OF ENGINEERING AND SCIENCE,1,0,1
VIGNAN'S LARA INSTITUTE OF TECHNOLOGY AND SCIENCE,1,0,1
SREE VENKATESWARA COLLEGE OF ENGINEERING,1,1,0
ST.MARY'S CENTENARY DEGREE COLLEGE,1,0,1
RISHI UBR WOMEN'S DEGREE,1,0,1
ST PETER'S ENGINEERING COLLEGE HYDERABAD,1,1,0
JBIET,1,0,1
IBM,1,0,1
N.K ORCHID COLLEGE OF ENGINEERING AND TECHNOLOGY SOLAPUR,1,1,0
DECCAN FINE CHEMICALS,1,0,1
EAST WEST INSTITUTE OF TECHNOLOGY,1,0,1
RGMCET-RAJEEV GANDHI MEMORIAL COLLEGE OF ENGINEERING AND TECHNOLOGY,1,0,1
SHREE MEDHA DEGREE COLLEGE,1,0,1
JNTUH COLLEGE OF ENGINEERING JAGITYAL,1,0,1
NARASIMHA REDDY ENGINEERING COLLEGE - A C E ENGINEERING COLLEGE (AUTONOMOUS),1,0,1
J.B.INSTITUTE OF ENGINEERING AND TECHNOLOGY,1,1,0
AVINASHILINGAM UNIVERSITY,1,1,0
MATURE VENKATA SUBBA RAO ENGINEERING COLLEGE,1,0,1
SRI VENKATESHWARA COLLEGE OF ENGINEERING AND TECHNOLOGY,1,0,1
MVSR ENGINEERING COLLEGE,1,1,0
HIMACHAL PRADESH TECHNICAL UNIVERSITY,1,0,1
TALLA PADMAVATHI COLLEGE OF ENGINEERING,1,0,1
RITW - RISHI UBR WOMEN'S COLLEGE,1,0,1
RISHI UBR WOMENS' COLLEGE,1,0,1
AURORAS SCIENTIFIC AND TECHNOLOGICAL INSTITUTE,1,0,1
MESCO INSTITUTE OF MANAGEMENT AND COMPUTER SCIENCE,1,0,1
GD GOENKA,1,0,1
GOKARAJU RANGARAJU INSTITUTE OF ENGINEERING AND TECHNOLOGY,1,0,1
VNR VJET- VALLURIPALLI NAGESHWAR RAO VIGNAN JYOTHI INSTITUTE OF ENGG AND TECH,1,0,1
SWAMI VIVEKANANDA INSTITUTE OF TECHNOLOGY,1,0,1
KAKATIYA INSTITUTE OF TECHNOLOGY AND SCIENCE FOR WOMEN,1,0,1
DRONACHARYA COLLEGE OF ENGINEERING,1,0,1
GANDHI INSTITUTE OF TECHNOLOGY,1,0,1
VRSEC,1,1,0
RISH,1,0,1
SHADAN WOMEN'S COLLEGE OF ENGINEERING AND TECHNOLOGY,1,0,1
CHANDIGARH ENGINEERING COLLEGE,1,0,1
GOVERNMENT DEGREE COLLEGE FOR WOMEN,1,0,1
MDRK - MADHIRA INSTITUTE OF TECHNOLOGY AND SCIENCES,1,0,1
K. K COLLEGE OF ENGINEERING AND MANAGEMENT,1,0,1
MLTM - MALLA REDDY NSTITUTE OF TECHNOLOGY AND SCIENCE,1,0,1
AURORA'S TECHNOLOGICAL AND RESEARCH INSTITUTE,1,0,1
CHAITANYA BHARATHI INSTITUTE OF TECHNOLOGY,1,0,1
VIT UNIVERSITY AP,1,0,1
UNIVERSITY COLLEGE OF ENGINEERING AND TECHNOLOGY FOR WOMEN,1,0,1
SREEN,1,0,1
RAMAKRISHNA DEGREE AND PG COLLEGE,1,0,1
SBIT,1,0,1
DR.MGR UNIVERSITY,1,1,0
JNTUH COLLEGE OF ENGINEERING JAGTIAL,1,1,0
SAMSKRUTHI COLLEGE OF ENGINEERING AND TECHNOLOGY,1,0,1
JOGINPALLY BR ENGINEERING COLLAGE,1,0,1
"SKIT , JAIPUR",1,0,1
MALLA REDDY INSTITUTE OF ENGINEERING AND TECHNOLOGY,1,0,1
MATURI VENKATA SUBBARAO ENGINEERING COLLEGE,1,1,0
GAYATRI VIDYA PARISHAD COLLAGE FOR DEGREE AND PG COURSES,1,1,0
VIDYA JYOTI INSTITUTE OF TECHNOLOGY,1,0,1
BVC ENGINEERING COLLEGE ODALAREVU,1,0,1
GNITC- GURU NANAK TECHNICAL CAMPUS,1,1,0
VNR VIGNANA JYOTHI INSTITUTE OF ENGINEERING AND TECHNOLOGY,1,0,1
"ZAKIR HUSSAIN COLLEGE OF ENGINEERING AND TECHNOLOGY, ALIGARH MUSLIM UNIVERSITY",1,0,1
MRITS - MALLAREDDY INST OF TECHNOLOGY AND SCIENCE,1,0,1
GTBIT GGSIPU,1,0,1
MUFFAKHAM JAH COLLEGE OF ENGINEERING,1,0,1
MATURI VENKATA SUBBA RAO,1,0,1
INDIRA GANDHI DELHI TECHNICAL UNVERSITY FOR WOMEN,1,0,1
VAAGDEVI COLLEGE OF ENGINEERING,1,1,0
AIMS,1,0,1
GPREC - G PULLA REDDY ENGINEERING COLLEGE,1,0,1
ST MARY'S INTEGRATED CAMPUS,1,0,1
VSM COLLEGE,1,0,1
MAHARANA INSTITUTE OF PROFESSIONAL,1,0,1
GAUHATI UNIVERSITY INSTITUTE OF SCIENCE AND TECHNOLOGY,1,0,1
JAYPEE UNIVERSITY OF INFORMATION TECHNOLOGY WAKNAGHAT SOLAN HIMACHAL PRADESH,1,0,1
IES IPS ACADEMY INDORE(M.P),1,0,1
SHRI VISHNU ENGINEERING COLLEGE FOR WOMEN’S,1,0,1
SRI VISHNU ENGINEERING COLLEGE FOR WOMEN,1,0,1
VBEC - VIGNANA BHARATHI INSTITUTE OF TECHNOLOGY,1,0,1
KMM INSTITUTE OF TECHNOLOGY AND SCIENCE,1,0,1
SNIS - SREENIDHI INSTITUTE OF SCIENCE AND TECHNOLOGY,1,0,1
SVECW-SHRI VISHNU ENGINEERING COLLEGE FOR WOMEN,1,0,1
INTERNATIONAL SCHOOL OF TECHNOLOGIES AND SCIENCES FOR WOMENS,1,0,1
- CMR INSTITUTE OF TECHNOLOGY (AUTONOMOUS),1,0,1
JNTU,1,0,1
D.R B.C ROY ENGINEERING COLLEGE,1,0,1
RAJEEV GANDHI MEMORIAL COLLEGE OF ENGINEERING AND TECHNOLOGY (AUTONOMOUS),1,0,1
RAJEEV GANDHI MEMORIAL COLLEGE,1,0,1
HITAM,1,0,1
RAJIV GANDHI UNIVERSITY OF KNOWLEDGE AND TECHNOLOGIES RKVALLEY,1,1,0
G.NARAYANAMMA INSTITUTE OF TECHNOLOGY AND SCIENCE,1,0,1
KITSW - KAKATIYA INSTITUTE OF TECHNOLOGY AND SCIENCE,1,0,1
LOYOLA INSTITUTE OF TECHNOLOGY AND MANAGEMENT,1,0,1
JAWAHARLAL NEHRU TECHNOLOGICAL UNIVERSITY,1,0,1
RITW - RISHI MS INSTITUTE OF ENGINEERING AND TECHNOLOGY FOR WOMEN,1,0,1
TRINITY COLLEGE OF ENGINEERING AND TECHNOLOGY PEDDAPALLI,1,0,1
SWARNA BHARATHI INSTITUTE SCIENCE AND TECHNOLOGY,1,0,1
MALLAREDDY COLLEGE OF ENGINEERING AND TECHNOLOGY,1,0,1
INTERNATIONAL SCHOOL OF TECHNOLOGY AND SCIENCE,1,1,0
VELLORE INSTITUTE OF TECHNOLOGY AMARAVATHI ANDRA PRADESH,1,0,1
BITS - BALAJI INSTITUTE OF TECHNOLOGY AND SCI,1,0,1
MALLAREDDY COLLEGE OF ENGINEERING FOR WOMEN,1,0,1
GD.GOENKA UNIVERSITY,1,0,1
DR.M.G.R EDUCATIONAL AND RESEARCH INSTITUTE,1,0,1
TRR COLLEGE OF TECHNOLOGY,1,0,1
TKR COLLEGE OF ENGINEERING AND TECHNOLOGY,1,1,0
VRSEC-VELAGAPUDI RAMAKRISHNA SIDDHARTHA ENGINEERING COLLEGE,1,0,1
BASAR IIIT,1,0,1
SP COLLEGE PADMARAONAGAR,1,0,1
RISHI MS INSTITUTE OF TECHNOLOGY FOR WOMEN,1,0,1
MRIET(MALLLAREDDY INSTITUTE OF ENGINEERING AND TECHNOLOGY),1,1,0
GOVERNMENT POLYTECHNIC PANJIM,1,0,1
SRINIVASA LNSTITUTE OF ENGINEERING AND TECHNOLOGY,1,0,1
WESLEY DEGREE COLLEGE,1,0,1
ADDIS ABABA UNIVERSITY,1,0,1
SRI MITTAPALI INSTITUTE OF TECHNOLOGY FOR WOMEN,1,0,1
"SOBHASARIA GROUP OF INSTITUTIONS, SIKAR",1,0,1
ERICSSON,1,0,1
MRECW-MALLA REDDY ENGINEERING COLLEGE FOR WOMEN (AUTONOMOUS),1,0,1
MLR- MARRI LAXMAN REDDY INST OF TECHNOLOGY AND MANAGEMENT (AUTONOMOUS),1,1,0
RAJIV GANDHI UNIVERSITY OF KNOWLEDGE TECHNOLOGY BASAR,1,1,0
"RAJIV GANDHI UNIVERSITY OF KNOWLEDGE TECHNOLOGIES,IIIT BASAR",1,0,1
CMR ENGNEERING COLLEGE,1,0,1
SJC INSTITUTE OF TECHNOLOGY,1,0,1
IIT GANDHINAGAR,1,1,0
UNIVERSITY OF ENGINEERING AND MANAGEMENT KOLKATA,1,1,0
"VIGNAN UNIVERSITY ,GUNTUR",1,0,1
MVRG-MVGR COLLEGE OF ENGINEERING(AUTONOMOUS),1,0,1
SNIST - SREENIDHI INSTITUTE OF SCIENCE AND TECHNOLOGY,1,0,1
KPRT - KOMMURI PRATAP REDDY INSTITUTE OF TECHNOLOGY,1,0,1
GDGD,1,0,1
SIDDHARTH INSTITUTE OF ENGINEERING AND TECHNOLOGY,1,0,1
SEARS,1,0,1
AD,1,0,1
"NRI INSTITUTE OF TECHNOLOGY, GUNTUR",1,1,0
ISPACE SOFTWARE SOLUTIONS PVT LTD,1,0,1
ALNM WOMEN'S DEGREE COLLEGE,1,0,1
JAWAHARLAL NEHRU TECHNOLOGICAL UNIVERSITY ANANTAPUR,1,0,1
JNTUHCER,1,1,0
CUH,1,0,1
RVRJCCE,1,0,1
VELAGAPUDI RAMAKRISHNA SIDDARTHA COLLEGE OF ENGINEERING,1,0,1
LENDI INSTITUTE OF ENGINEERING,1,0,1
SWARNA BHARITHI INSTITUTE OF SCIENCE AND TECHNOLOGY,1,0,1
RGUKT-B,1,0,1
RGUKT BASAR -IIIT,1,0,1
CHAITANYA DEEMED TO BE UNIVERISTY,1,0,1
PROFESSOR JAYASHANKAR TELANGANA STATE AGRICULTURAL UNIVERSITY,1,1,0
MVGR-MAHARAJ VIJAYARAM GAJAPATHIRAJ ENGINEERING COLLEGE (AUTONOMOUS ),1,0,1
AIML,1,0,1
ST.ANN'S COLLEGE FOR WOMEN,1,1,0
"RAJIV GANDHI UNIVERSITY OF KNOWLEDGE AND TECHNOLOGIES, IIIT BASAR",1,0,1
JNTUA ANANTAPUR,1,0,1
UNIVERSITY COLLEGE OF ENGINEERING OSMANIA,1,0,1
VBIT,1,0,1
MADANAPALL INSTITUTE OF TECHNOLOGY AND SCIENCE,1,0,1
IIIT BHUBANESHWAR,1,0,1
JNTUA COLLEGE OF ENGINEERING,1,0,1
VIT - VELLORE INSTITUTE OF TECHNOLOGY,1,0,1
"RAJIV GANDHI UNIVERSITY OF KNOWLEDGE TECHNOLOGIES ,BASAR",1,0,1
S.L.R.PRATHIBHA MODEL DEGREE COLLEGE,1,0,1
JNTUH UNIVERSITY COLLEGE OF ENGINEERING JAGTIAL,1,0,1
NBM LAW COLLEGE,1,0,1
GPREC,1,0,1
ST. MARY'S CENTENERY DEGREE COLLEGE,1,0,1
"GIRRAJ GOVT COLLEGE, NZD",1,0,1
VASIREDDY VENKATADRI ITERNATIONAL TECHNOLOGICAL UNIVERSITY,1,0,1
SRGEC,1,0,1
RGUKT-BASARA,1,0,1
R.M.D ENGINEERING COLLEGE,1,0,1
"INDIAN INSTITUTE OF INFORMATION TECHNOLOGY (IIIT), DHARWAD",1,1,0
KRISHANAVENI ENGINEERING COLLEGE FOR WOMEN NARASARAOPET,1,0,1
RAJIV GANDHI UNIVERSITY OF KNOWLEDGE TECHNOLOGIES (AUTONOMOUS),1,0,1
PRIYADARSHINI COLLEGE OF ENGINEERING AND TECHNOLOGY,1,0,1
RV INSTITUTE OF TECHNOLOGY,1,0,1
DIPLOMA COMPLETED AND GOING TO BETCH AS LATERAL ENTRY,1,0,1
R. V. R & J. C. COLLEGE OF ENGINEERING,1,0,1
SAGE UNIVERSITY INDORE,1,0,1
MOHAN BABU UNVERSITY,1,0,1
INDIAN INSTITUTE OF INFORMATION TECHNOLOGY- DHARWAD,1,0,1
PACE INSTITUTION OF TECHNOLOGY AND SCIENCES,1,0,1
"SREE VAHINI INSTITUTE OF SCIENCE AND TECHNOLOGY,TIRUVUR",1,0,1
VIGNAN'S INSTITUE OF INFORMATION TECHNOLOGY,1,0,1
DBSIT COLLEGE,1,0,1
"VIGNAN'S INSTITUTE OF INFORMATION TECHNOLOGY,VISAKHAPATNAM",1,0,1
VIGNAN'S INSTITUTE OF INFORMATION& TECHNOLOGY,1,0,1
IT JARGONS,1,0,1
MUTHYAMMAL ENGINEERING COLLEGE,1,0,1
VIIT VIGNAN'S INSTITUTE OF INFORMATION TECHNOLOGY,1,0,1
"IGNTU, AMARKANTAK",1,0,1
CMR TECHNICAL CAMPUS,1,0,1
LORDS INSTITUTE OF ENGINEERING AND TECHNOLOGY,1,0,1
UNIVERSITY OF MARYLAND,1,0,1
PADMASRI B.V.RAJU INSTITUTE OF TECHNOLOGY,1,0,1
MAA SHAKUMBHARI UNIVERSITY SAHARANPUR,1,0,1
KAKATIYA INSTITUTE OF TECHNOLOGY AND SCIENCE WARANGAL,1,0,1
VIIT-VIGNAN'S INSTITUTE OF INFORMATION TECHNOLOGY,1,0,1
RAO'S COLLEGE,1,0,1
KITS - KRISHANA CHATAINTYA INSTITUTE OF TECHNOLOGY AND SCL,1,0,1
IIIT VADODARA,1,0,1
KRISHNA CHAITANYA INSTITUTE OF TECHNOLOGY AND SCIENCE,1,0,1
"GOVT. CITY COLLEGE (A), HYDERABAD",1,0,1
VIGNAN INSTITUTE OF INFORMATION ANDTECHNOLOGY,1,0,1
DR.K.V. SUBBA REDDY INSTITUTE OF TECHNOLOGY,1,0,1
VIKRAMA SIMHAPURI UNIVERSITY,1,0,1
"NRI INSTITUTE OF TECHOLOGY , POTHAVARAPADU",1,0,1
SATAVHANA,1,0,1
RAJIV GANDHI UNIVERSITY OF KNOWLEDGE TECHNOLOGIES ANDHRA PRADESH,1,1,0
KLH,1,1,0
VISHNU INSTITUTE OF TECHNOLGY,1,0,1
S.V.D.G.D.C.WOMEN IN NIDADAVOLU,1,0,1
AUDISANKARA INSTITUTE OF TECHNOLOGY,1,0,1
OUCESF - O U COLLEGE OF ENGG HYDERABAD - SELF FINANCE,1,0,1
ACHARYA INSTITUTE OF MANAGEMENT AND SCIENCES,1,0,1
NAGARJUNA COLLEGE OF ENGEERING AND TECHNOLOGY,1,0,1
CONCORDIA UNIVERSITY WISCONSIN,1,0,1
DVR DR HS MIC COLLEGE OF TECHNOLOGY,1,0,1
"RAJIV GANDHI UNIVERSITY OF KNOWLEDGE TECHNOLOGY,BASAR",1,1,0
RGUKT RKVALLEY,1,0,1
NIT ANDHRAPRADESH,1,0,1
"SIR CR REDDY COLLEGE OF ENGINEERING, ELURU",1,0,1
MGU,1,0,1
SREE VIDYANIKETAN ENGENEERING COLLEGE,1,0,1
LOYOLA ACADEMY HYDERABAD,1,1,0
IIIT SONEPAT HARYANA,1,1,0
SIR C R REDDY COLLEGE OF ENGINEERING ELURU,1,0,1
PSCMR ENGENEERING COLLEGE,1,0,1
GAYATHRI VIDYA PARISHAD PG AND DEGREE COURSES(A),1,0,1
RAJIV GANDHI UNIVERSITY OF KNOWLEDGE TECHNOLOGIES- BASAR,1,0,1
NMIMS,1,0,1
ADITYA UNIVERSITY(FORMERLY ADITYA ENGINEERING COLLEGE,1,0,1
SASI,1,0,1
RAJAMAHENDRI INSTITUTE OF ENGINEERING AND TECHNOLOGY,1,0,1
JAYA PRAKASH NARAYAN COLLEGE OF ENGINEERING,1,0,1
BABU BANARASI DAS UNIVERSITY,1,0,1
DR.B.C. ROY ENGINEERING COLLEGE,1,0,1
MANIPAL ACADEMY OF HIGHER EDUCATION,1,0,1
VARAPRASAD REDDY INSISTUTE OF TECNOLOGY,1,0,1
ST ANNA'S COLLEGE OF ENGINEERING AND TECHNOLOGY,1,0,1
"RAJIV GANDHI INSTITUTE OF KNOWLEDGE AND TECHNOLOGIES ,RK VALLEY",1,0,1
RAJIV GANDHI UNIVERSITY AND KNOWLEDGE TECHNOLOGIES,1,0,1
"RAJIV GANDHI UNIVERSITY OF KNOWLEDGE TECHNOLOGIES, BASAR.",1,0,1
"RGUKT, RK VALLEY",1,0,1
"RAJIV GANDHI UNIVERSITY OF KNOWLEDGE TECHNOLOGY, RK VALLEY",1,0,1
VNR VIGNAN JYOTHI INSTITUTE OF ENGINEERING AND TECHNOLOGY,1,0,1
VELLORE INSTITUE OF TECHNOLOGY,1,0,1
VEMUIT,1,0,1
LIFE ENTERPRISES,1,0,1
HINDUSTAN UNIVERSITY,1,0,1
DAYANANDA SAGAR ACADEMY OF TECH & MGMT,1,0,1
RAJIV GANDHI UNIVERSITY OF KNOWLEDGE AND TECHNOLOGY RK VALLEY UDUPU,1,1,0
AURORA PG COLLEGE RAMANTHAPUR,1,0,1
"RGUKT,BASAR",1,0,1
AVANTHI'S RESEARCH AND TECHNOLOGICAL ACADEMY,1,0,1
SRI SAI KRISHNA DEGREE COLLEGE,1,0,1
T JOHN INSTITUTE OF TECHNOLOGY,1,0,1
AMAZON ADS,1,0,1
AZAD - AZAD COLLEGE OF ENGINEERING AND TECHNOLOGY,1,0,1
MNNIT-MOTILAL NEHRU NATIONAL INSTITUTE OF TECHNOLOGY ALLAHABAD,1,0,1
NIZAM COLLEGE BASHEERBAGH HYDERABAD,1,0,1
"NIZAM COLLEGE AUTONOMOUS, BASHEER BAGH, HYDERABAD, TELANGANA 500001",1,1,0
NARASARAOPETA INSTITUTE OF TECHNOLOGY,1,1,0
BANARAS HINDU UNIVERSITY,1,0,1
"AMRITA VISHWA VIDYAPEETHAM, BANGALORE",1,0,1
"VIGNAN'S FOUNDATION FOR SCIENCE, TECHNOLOGY AND RESEARCH (DEEMED TO BE UNIVERSITY)",1,0,1
DVR&DR.HS MIC COLLEGE OF TECHNOLOGY,1,0,1
ACME DEGREE COLLEGE MALAKPET HYDERABAD,1,0,1
JAWAHARLAL NEHRU TECHNOLOGICAL UNIVERSITY OF KAKINADA,1,0,1
MDRK - MADHIRA INSTITUTE OF TECHNOLOGY AND SCI,1,0,1
KITS AKSHAR INSTITUTE OF TECHNOLOGY,1,0,1
ADITYA UNIVERISTY,1,0,1
SRI VASAVI INSTITUTE OF ENGINEERING AND TECHNOLOGY NANDAMURU,1,0,1
"NATIONAL FORENSIC SCIENCES UNIVERSITY, GANDHINAGAR",1,0,1
MVGR COLLEGE OG ENGINEERING (MVGRCE),1,0,1
UNIVERSITY OF PETROLEUM AND ENERGY STUDIES,1,0,1
VIT-APUNIVERSITY,1,0,1
BANGALORE INSTITUTE OF TECHNOLOGY BENGALURU,1,0,1
JNTU GV,1,0,1
ADITYA DEGREE COLLEGE VIZIANAGARAM,1,0,1
RISHI MS INSTITUTE OF TECHNOLOGY AND ENGINEERING COLLEGE,1,0,1
RGUKT- RAJIV GANDHI UNIVERSITY KNOWLEDGE TECHNOLOGIES - BASAR,1,0,1
"INTERNATIONAL INSTITUTE OF INFORMATION TECHNOLOGY, BHUBANESWAR",1,0,1
MAHARAJA SURAJMAL INSTITUTE OF TECHNOLOGY,1,0,1
IIT BHU VARANASI,1,0,1
RAJIV GANDHI UNIVERSITY OF KNOWLEDGE AND TECHNOLOGY ONGOLE,1,0,1
VIGNAN LARA INSTITUTE TECHNOLOGY AND SCIENCE,1,0,1
RISHI MS INSTITUTE OF ENGEENERING AND TECHNOLOGY FOR WOMEN,1,0,1
"KAKINADA INSTITUTE OF ENGINEERING AND TECHNOLOGY, KORANGI",1,0,1
KAKINADA INSTITUTE OF ENGINEERING AND TECHNOLOGY -WOMENS,1,0,1
KAKINADA INSTITUTE OF ENGINEERING AND TECHNOLOGY - WOMEN,1,0,1
KAKINADA INSTITUTE OF ENGINEERING AND TECHNOLOGY-WOMEN,1,0,1
KAKINADA INSTITUTE OF ENGINEERING AND TECHNOLOGY - WOMENS,1,0,1
TOCE,1,0,1
"SRM UNIVERSITY , KTR, CHENNAI",1,0,1
"AMRITA VISHWA VIDYAPEETHAM, AMARAVATI",1,0,1
(KIET) KAKINADA INSTITUTE OF ENGINEERING AND TECHNOLOGY,1,0,1
AJEENKYA DY PATIL UNIVERSITY LOHEGAON PUNE,1,0,1
VIGNAN'S INSTITUTE OF INFORMATION,1,0,1
PESITM,1,0,1
VNR VIGNANA JYOTHI INSTITUE OF ENGINEERING AND TECHNOLOGY,1,0,1
NATIONAL INSTITUTE OF TECHNOLOGY UTTARAKHAND,1,0,1
DWARKADAS J SANGHVI COLLEGE OF ENGINEERING,1,0,1
SVKM'S DWARKADAS J. SANGHVI COLLEGE OF ENGINEERING,1,0,1
KAKINADA INSTITUE OF ENGNEERING AND TECHONOLOGY,1,0,1
KKR & KSR INSTITUTE OF TECHNOLOGY AND SCIENCE,1,0,1
G.PULLAIAH COLLEGE OF ENGINEERING AND TECHNOLOGY,1,0,1
"VNR VIGNANA JYOTHI INSTITUTE OF ENGINEERING & TECHNOLOGY, TELANGANA",1,0,1
KIEW- KAKINADA INSTITUTE OF ENGINEERING AND TECHNOLOGY FOR WOMENS,1,0,1
RAMAIAH UNIVERSITY OF APPLIED SCIENCES,1,1,0
"RAGIV GANDHI UNIVERSITY OF KNOWLEDGE AND TECHNOLOGIES,R K VALLEY",1,0,1
AUDISANKARA ENGINEERING COLLEGE,1,0,1
RGUKT(IIIT),1,0,1
RV INSTITUTE OF TECHNOLOGY AND MANAGEMENT,1,0,1
AVANTHI DEGREE COLLEGE,1,0,1
BVRIT HYDERABAD ENGINEERING FOR WOMEN,1,0,1
SR&BGNR COLLEGE,1,0,1
G. PULLAIAH COLLEGE OF ENGINEERING AND TECHNOLOGY,1,0,1
ANIL NEERUKONDA INSTITUE OF TECHNOLOGY AND SCIENCES,1,1,0
KAKINADA INSTITUTION OF ENGINEERING AND TECHNOLOGY FOR WOMENS,1,0,1
SRM UNIVERSITY OF SCIENCE AND TECHNOLOGY,1,0,1
"ANNAMACHARYA PG COLLEGE OF COMPUTER STUDIES, RAJAMPET",1,0,1
"INDIAN INSTITUTE OF TECHNOLOGY,PATNA",1,0,1
VELAGAPUDI RAMAKRISHNA SIDDARDHA ENGINEERING COLLEGE,1,0,1
MADANPALLE INSTITUTE OF TECHNOLOGY AND SCIENCE,1,0,1
HINDUSTHAN COLLEGE OF ENGINEERING AND TECHNOLOGY,1,0,1
SRI INDUU INSTITUTE OF ENGINEERING & TECHNOLOGY,1,1,0
ST JOSEPH DEGREE COLLEGE,1,0,1
MADANAPALLE,1,0,1
"INDIAN INSTITUTE OF TECHNOLOGY, PATNA",1,0,1
RK DEGREE AND PG COLLEGE,1,0,1
NISHITHA DEGREE COLLEGE(AUTONOMOUS),1,0,1
GAYATRI VIDYA PARISHAD OF ENGINEERING,1,0,1
"SIDDHARTHA INSTITUTE OF SCIENCE AND TECHNOLOGY, PUTTUR",1,0,1
BBCIT - BANKATLAL BADRUKA COLLEGE FOR INFORMATION TECHNOLOGY,1,0,1
KAKINADA INSTITUTE OF ENGINEERING AND TECHNOLOGY 2,1,0,1
KAKINADA INSTITUTE OF ENGINEERING AND TECHNOLOGY-WOMENS,1,0,1
MALILENI LAKSHMAIAH WOMEN'S ENGINEERING COLLEGE,1,0,1
"LOVELY PROFESSIONAL UNIVERSITY ,PUNJAB",1,0,1
V R SIDDHARDHA ENGINEERING COLLEGE,1,0,1
KAKINADA INSTITUTION OF ENGINEERS AND TECHNOLOGY,1,0,1
VELAGAPUDI RAMKRISHNA SIDDHARTHA ENGINEERING COLLEGE AND MY QS,1,0,1
RAJEEV GANDI MEMORIAL COLLEGE OF ENGINEERING AND TECHNOLOGY,1,0,1
KAKINADA INSTITUTE OF ENGINNERING AND TECHNOLOGY,1,0,1
RAJEEV GANDHI MEMORIAL COLLEGE OF ENGINNERING AND TECHNOLOGY,1,0,1
"RAJIV GANDHI UNIVERSITY OF KNOWLEDGE TECHNOLOGIES, IIIT RK VALLEY",1,1,0
RGM-RAJEEV GANDHI MEMORIAL COLLEGE OF ENGINEERING AND TECHNOLOGY,1,0,1
KAKINADA INSTITUTE OF ENGINEERING AND TECHNOLOGY -II,1,0,1
AERONAUTICAL ENGINEERING COLLEGE,1,0,1
ALPHORES DEGREE COLLEGE,1,0,1
ALPHORES WOMEN'S DEGREE &PG COLLEGE,1,0,1
ST MARTINS ENGINEERING COLLEGE,1,1,0
ALPHORES WOMAN AND PG COLLEGE KARIMNAGAR,1,0,1
ANU,1,0,1
ALPHORES WOMEN'S DEGREE COLLEGE,1,0,1
DR B R AMBEDKAR INSTITUTE OF MANAGEMENT AND TECHNOLOGY,1,0,1
NATIONAL INSTITUTE OF TECHNOLOGY SILCHAR,1,1,0
R V.R & J.C COLLEGE OF ENGINEERING,1,0,1
DVR & DR. HS MIC COLLEGE OF TECHNOLOGY,1,0,1
GITAM UNIVERSITY BENGALURU,1,0,1
MALLAREDDY ENGINEERING COLLEGE AND MANAGEMENT SCIENCES,1,0,1
SATHAVAHANA UNIVERSITY ALPHORSE WOMEN’S DEGREE AND PG COLLAGE,1,0,1
OTHERS,1,0,1
SMCE,1,0,1
SREENIDHI UNIVERSITY,1,0,1
KAKINADA INSTITUTE OF ENGINEERING AND TECHNOLOGY WOMEN'S,1,0,1
ALPHORES WOMEN'S DEGREE &PG COLLEGE KARIMNAGAR,1,0,1
"GITAM UNIVERSITY, BENGALURU",1,0,1
ALPHORES WOMENS,1,0,1
MAHARAJA VIJAYARAM GAJAPATHIRAJ COLLEGE OF ENGINEERING,1,0,1
"BITS PILANI, HYDERABAD CAMPUS",1,0,1
ADITYA DEGREE COLLEGE FOR WOMEN,1,0,1
KAKINADA INSTITUTIONS OF ENGINEERING TECHNOLOGY WOMENS,1,0,1
RAJEEV GANDHI MEMORIAL COLLEGE OF ENGINEERING AND TECHNOLOGY- AUTONOMOUS,1,0,1
ICFAI-HYDERBABAD,1,1,0
ICFAI-HYDERABAD,1,0,1
KAKINADA INSTITUTE OF TECHNOLOGY AND ENGINEERING FOR WOMEN'S,1,0,1
CHAITANYA DEMMED TO BE UNIVERSITY,1,0,1
VIGNAN INSTITUTE OF TECHNOLOGY,1,0,1
KAKINADA INSTITUE OF ENGINEERING AND TECHNOLOGY,1,0,1
CONCORDIA UNIVERSITY,1,0,1
KIET COLLEGE,1,0,1
"RAJIV GANDHI UNIVERSITY OF KNOWLEDGE TECHNOLOGIES, ONGOLE CAMPUS",1,1,0
INDIAN INSTITUTE OF TECHNOLOGY BHUBANESWAR,1,0,1
CR RAO ADVANCED INSTITUTE OF MATHEMATICS AND STATISTICS,1,0,1
"G PULLA REDDY ENGINEERING COLLEGE, KURNOOL",1,0,1
"NATIONAL INSTITUTE OF TECHNOLOGY, AGARTALA",1,0,1
ICFAI TECH UNIVERSITY HYDERABAD,1,1,0
VIGNAN LARA,1,0,1
RVR &JC CE,1,0,1
SANDIP UNIVERSITY,1,0,1
KAKINADA INSTITUTE OF ENGINEERING AND TECHNOLOGY -WOMEN'S,1,0,1
KIET WOMENS,1,0,1
KAKINADA INSTIUTIONS OF ENGINEERING AND TECHNOLOGY FOR WOMENS,1,0,1
KAKINADA INSTITUTE OF ENGINEERING AND TECHNOLOGY WOMENS,1,0,1
KAKINADA INSTITUTES OF ENGINEERING AND TECHNOLOGY,1,0,1
ST ANN'S COLLEGE OF ENGINEERING AND TECHNOLOGY IN CHIRALA,1,0,1
WESLEY PG COLLEGE,1,0,1
LAKIREDDY BALI REDDY COLLEGE OF ENGINNERING,1,0,1
"MAHATMA BASAVESHWAR EDUCATION SOCIETY'S COLLEGE OF ENGINEERING, AMBAJOGAI",1,0,1
"RAJIV GANDHI UNIVERSITY OF KNOWLEDGE AND TECHNOLOGIES,SRIKAKULAM",1,0,1
SRM UNIVERSITY OF KATTANKULATHUR CAMPUS,1,0,1
VASIREDDY VENKATADRI INSTITUTE OF TECHNOLOGY ECHNOLOGY,1,0,1
RAJIV GANDHI UNIVERSITY OF KNOWLEDGE TECHNOLOGIES RK VALLEY,1,1,0
"RAJIV GANDHI UNIVERSITY OF KNOWLEDGE TECHNOLOGIES, ANDHRA PRADESH",1,1,0
SASI INSTITUTE OF ENGINEERING AND TECHNOLOGY,1,0,1
BHAGWANT UNIVERSITY,1,0,1
"VELLORE INSTITUTE OF TECHNOLOGY,AP",1,0,1
GAYATRI VIDYA PARISHAD COLLEGE OF ENGINEERING FOR WOMEN,1,0,1
JNTUA,1,0,1
JNTUA COLLEGE OF ENGINEERING KALIKIRI,1,0,1
"RVR & JC COLLEGE OF ENGINEERING,GUNTUR",1,0,1
NISHITHA DEGREE & PG COLLEGE,1,0,1
VASSIREDDY VENKATADRI INSTITUTE OF TECHNOLOGY,1,0,1
"ASHOKA WOMEN'S ENGINEERING COLLEGE, KURNOOL",1,0,1
"MAHARAJ VIJAYARAM GAJAPATHI RAJ COLLEGE OF ENGINEERING, VIZIANAGARAM",1,0,1
ICFAI TECH FOR HIGHER EDUCATION,1,1,0
SHRI VISHNU ENGINERRING COLLEGE FOR WOMEN,1,0,1
"IIT- INDIAN INSTITUTE OF TECHNOLOGY,DELHI",1,0,1
INSTITUTE OF AERONAUTICEL ENGINEERING,1,0,1
THE IHFE,1,0,1
MRCW,1,0,1
"SRM UNIVERSITY , AP",1,0,1
VVITU -VASIREDDY VENKATADRI INTERNATIONAL TECHNOLOGICAL UNIVERSITY,1,0,1
V.S.B ENGINEERING COLLEGE,1,0,1
SVCN : SREE VENKATESWARA COLLEGE OF ENGINEERING,1,1,0
MOTHER THERESA ENGINEERING COLLEGE,1,0,1
NARAYANA ENGENEERING COLLEGE,1,0,1
SREE VENKATESHWARA COLLEGE OF ENGINEERING,1,0,1
YSR ENGINEERING COLLEGE OF YOGI VEMMAN UNIVERSITY,1,0,1
MS RAMAIAH INSTITUTE OF TECHNOLOGY,1,0,1
VIGNA'S INSTITUTE OF INFORMATION AND TECHNOLOGY,1,0,1
DR PAUL RAJ ENGINEERING COLLEGE/JNTUK,1,0,1
AMRITA UNIVERSITY,1,0,1
NISHITHA DEGREE AND PG COLLEGE,1,0,1
ANITS- ANIL NEERUKONDA INSTITUTE OF TECHNOLOGY AND SCIENCES,1,0,1
"CHANDIGARH COLLEGE OF ENGINEERING, MOHALI",1,0,1
"CHANDIGARH COLLEGE OF ENGINEERING, JHANJERI, MOHALI",1,0,1
AJEENKYA DY PATIL UNIVERSITY PUNE,1,1,0
RAJIV GANDHI UNIVERSITY OF KNOWLEDGE AND TECHNOLOGIES-BASAR,1,0,1
ICREATE DEGREE COLLEGE KUKATPALLY,1,0,1
VISHWA VISHWANI INSTITUTE OF SYSTEM AND MANAGEMENT,1,0,1
RITHEESHTALLURI2@GMAIL.COM,1,1,0
ICFAI BUSINESS SCHOOL,1,1,0
DR. M.G.R. EDUCATIONAL AND RESEARCH INSTITUTE,1,0,1
DAVID MEMORIAL COLLEGE,1,0,1
PRIYADARSHINI DEGREE COLLEGE,1,0,1
VELLORE INSTITUTION ON TECHNOLOGY AMRAVATI,1,0,1
GOVERNMENT POLYTECHNIC FOR WOMENS,1,0,1
HYDERABAD SCHOOL OF BUSINESS [OSMANIA UNIVERSITY],1,0,1
MOTILAL NEHRU NATIONAL INSTITUTE OF TECHNOLOGY ALLAHABAD,1,1,0
NEWTON SCHOOL OF TECHNOLOGY(RISHIHOOD UNIVERSITY),1,0,1
RAJIV GANDHI UNIVERSITY OF KNOWLEDGE TECHNOLOGIES RKVALLEY,1,0,1
IFHE UNIVERSITY,1,1,0
RAJIV GANDHI UNIVERSITY OF KNOWLEGE TECHNOLOGIES BASAR,1,0,1
SRGEC- SESHADRI RAO GUDLAVALLERU ENGINEERING COLLEGE,1,0,1
RAJIV GANDHI UNIVERSITY OF KNOWLEDGE TECHNOLOGY NUZVID,1,0,1
ST.ANNS COLLEGE FOR WOMENS,1,0,1
SHIV NADAR UNIVERSITY,1,0,1
AMRITA VISHWA VIDYAPEETHAM MYSURU CAMPUS,1,1,0
RAJEEV GANDHI MEMORIAL COLLAGE OF ENGINEERING AND TECHNOLOGY,1,0,1
"V.S.B. ENGINEERING COLLEGE,KARUR",1,0,1
"NIZAM COLLEGE, OSMANIA UNIVERSITY",1,0,1
RAJEEV GANDHI INSTITUTE OF SCIENCE AND TECHNOLOGY,1,0,1
RAJEEV GANDHI MEMORIAL INSTITUTE OF TECHNOLOGY,1,0,1
RAJEEV GANDI MEMORIAL COLLAGE OF ENGINEERING AND TECHNOLOGY,1,0,1
CHAITANYA DEEMED UNIVERSITY,1,1,0
INDIAN INSTITUTE OF INFORMATION TECHNOLOGY KOTTAYAM,1,0,1
RGUKT(IIIT)-SRIKAKULAM,1,0,1
MOTHER THERESSA COLLEGE OF ENGINEERING AND TECHNOLOGY,1,0,1
ANIL NEERUKONDA INSTITUTE OF TECHNOLOGY & SCIENCES,1,1,0
ST PAUL'S DEGREE CLG,1,0,1
NTTF,1,0,1
RTMNU,1,0,1
"SRM INSTITUTE OF SCIENCE AND TECHNOLOGY, CHENNAI, TAMIL NADU",1,0,1
AVN ENGINEERING INSTITUTE OF TECHNOLOGY,1,0,1
BONAM VENKATA CHALAMAYYA,1,0,1
"AMRITA VISHWA VIDYAPEETHAM, COIMBATORE",1,0,1
CCE,1,0,1
PRESIDENCY UNIVERSITY RAJANKUNTE,1,0,1
KAKINADA INSTITUTE OF TECHNOLOGY/KORANGI,1,0,1
ASHOKA WOMEN'S ENGINEERING COLLEGE KURNOOL,1,0,1
CHAMELI DEVI INSTITUTE OF PROFESSIONAL STUDIES INDORE,1,0,1
RISHI UBR WOMEN'S CLG,1,0,1
PRESIDENCY UNIVERSITY.,1,0,1
SASTRA DEMMED UNIVERSITY,1,0,1
"SRI VASAVI ENGINEERING COLLEGE ,TADEPALLIGUDEM",1,0,1
ICFAIUNIVERSITY,1,0,1
"ICFAI, HYDERABAD",1,0,1
VISA - VATHSALYA INSTITUTE OF SCI AND TECHNOLOGY,1,0,1
"UNIVERSITY COLLEGE OF ENGINEERING ,OSMAINA UNIVERSITY",1,0,1
VSB ENGINEERING COLLEGE KARUR,1,0,1
VISW-SHRI VISHNU ENGINEERING COLLEGE FOR WOMENFOR WOMEN,1,1,0
"AMRITA VISHWA VIDHYAPEETHAM , AMARAVATHI",1,0,1
R.V.R. J.C. COLLEGE OF ENGINEERING,1,0,1
IIT-INDIAN INSTITUTE OF TECHOLOGY,1,0,1
SRI VIVEKANANDA DEGREE COLLEGE,1,0,1
JNTUK - JNTU COLLEGE OF ENGINEERING KAKINADA,1,0,1
SYMBIOSIS INSTITUTE OF TECHNOLOGY,1,0,1
DR.MGR EDUCATIONAL AND RESEARCH INSTITUTE UNIVERSITY,1,0,1
BV RAJU INSTITUTE OF TECHNOLOGY,1,0,1
VELAGAPUDI SIDDHARTHA ENGINEERING COLLEGE,1,1,0
CHRIST UNIVERSITY,1,0,1
CENTRAL UNIVERSITY OF RAJASTHAN,1,0,1
RAJIV GANDHI MEMORIAL COLLEGE NANDYAL,1,0,1
SVECW - SHRI VISHNU ENGINEERING COLLAGE FOR WOMEN,1,0,1
DR. BC ROY ENGINEERING COLLEGE DURGAPUR WEST BENGAL,1,0,1
ICFAI UNIVERSITY OF HYDERABAD,1,0,1
KALASALINGAM,1,0,1
GOVERNMENT DEGREE COLLEGE FOR WOMEN BEGUMPET,1,1,0
VELAGAPUDI RAMAKRISHNA SIDDHARDHA ENGINEERING COLLEGE,1,0,1
KAKINADA INSTITUTE OF ENGINEERING TECHNOLOGY FOR WOMENS,1,0,1
DR MGR UNIVERSITY,1,0,1
GRAPHIC ERA DEEMED TO BE UNIVERSITY,1,0,1
SIDDHARTHA INSTITUTE OF SCIENCE AND TECHNOLOGY,1,0,1
"UNIVERSITY COLLEGE OF ENGINEERING KAKINADA , JAWAHARLAL NEHRU TECHNOLOGICAL UNIVERSITY KAKINADA, UCEK JNTUK",1,0,1
INSTITUTE OF AERONATICAL ENGINEERING,1,0,1
SAI VIDYA INSTITUTE OF TECHNOLOGY,1,0,1
"SAGI RAMA KRISHNAM RAJU COLLEGE,BHIMAVARAM",1,0,1
SVIT,1,0,1
KAKINADA INSTITUTE OF ENGINEERING TECHNOLOGY FOR WOMEN,1,0,1
GITAM - GANDHI INSTITUTE OF TECHNOLOGY,1,0,1
VASUNDARA DEGREE COLLEGE,1,0,1
"ST .JOSEPH'S COLLEGE OF ENGINEERING,CHENNAI.",1,0,1
"LAKIREDDY BALI REDDY COLLEGE OF ENGINEERING,MYLAVARAM",1,0,1
IFHE ICFAI FOUNDATION FOR HIGHER EDUCATION,1,0,1
SWET - SHADHAN WOMENS COLL OF ENGG AND TECHNOLOGY,1,0,1
"SAGI RAMA KRISHNAM RAJU COLLEGE, BHIMAVARAM",1,0,1
"RAJIV GANDHI UNIVERSITY OF KNOWLEDGE AND TECHNOLOGIES, BASR",1,0,1
UNIVERSAL AI UNIVERSITY,1,0,1
ST. JOSEPHS INSTITUTE OF TECHNOLOGY,1,0,1
"GIET UNIVERSITY, GUNUPUR",1,0,1
"BONAM VENKATA CHALAMAYYA ENGINEERING COLLEGE,ODALAREVU",1,0,1
ST.JOSEPH’S COLLEGE OF ENGINEERING CHENNAI,1,0,1
ST. PAULS DEGREE & PG COLLEGE,1,0,1
BONAM VENKATA CHALAMMAYAH,1,0,1
MLR INSTITUTE OF TECHNOLOGY,1,0,1
AMRITA VISHWA VIDYAPEETAM,1,0,1
ST. JOSEPH'S INSTITUTE OF TECHNOLOGY,1,0,1
JNTU COLLAGE OF KAKINDA,1,0,1
JAIN COLLEGE,1,0,1
"ST. JOSEPH'S COLLEGE OF ENGINEERING, CHENNAI",1,0,1
SESHADRI RAO GUDLAVALLERU ENGINEEING COLLEGE,1,0,1
MALLA REDDY UNIVERSITY HYDERABAD,1,0,1
INDIAN INSTITUTE OF INFORMATION TECHNOLOGY DESIGN AND MANUFACTURING KURNOOL,1,0,1
DELHI SKILL AND ENTREPRENEURSHIP UNIVERSITY,1,0,1
SAMSKAR ELECTRONICS PVT LTD,1,0,1
YSR ENGINEERING COLLEGE OF YOGI VEMANA UNIVERSITY,1,0,1
VASIREDDY VENKADHRI INSTITUTE OF TECHNOLOGY,1,0,1
SHRI VISHNU ENGINEERING COLLEGE FOE WOMEN,1,0,1
MAHARISHI MARKANDESHWAR(DEEMED TO BE UNIVERSITY),1,0,1
KALINGA INSTITUE OF INDUSTRIAL TECHNOLOGY,1,0,1
MAHARANA PRATAP ENGINEERING COLLEGE,1,0,1
MALLINENI LAKSHMAIAH WOMEN'S ENGINEERING COLLEGE,1,0,1
ST JOSEPH'S INSTITUTE OF TECHNOLOGY,1,0,1
"S R M UNIVERSITY , KATTANKULATHUR , CHENNAI",1,0,1
JAIN UNIVERSITY BANGALORE,1,0,1
ST.JOSEPH'S INSTITTUE OF TECHNOLOGY,1,0,1
KALLAM HARANADH REDDY INSTITUTE OF TECHNOLOGY,1,0,1
"INDIAN INSTITUTE OF INFORMATION TECHNOLOGY, BHOPAL",1,0,1
ASSAM DOWN TOWN UNIVERSITY,1,0,1
NIT BHOPAL,1,0,1
ST FRANCIS COLLEGE FOR WOMEN,1,0,1
BIPIN TRIPATHI KAUMO INSTITUTE OF TECHNOLOGY,1,0,1
IIT- BHUBANEWSAR(IIT-BBSR),1,0,1
SHRI MATA VAISHNO DEVI UNIVERSITY,1,0,1
GOVERNMENT ENGINEERING COLLEGE SAMASTIPUR,1,0,1
JAIN DEEMED TO BE UNIVERSITY,1,0,1
S.A ENGINEERING COLLEGE,1,0,1
VIIT,1,0,1
ADAMAS UNIVERSITY,1,0,1
"PANDIT DEENDAYAL ENERGY UNIVERSITY, GANDHINAGAR",1,0,1
"DR. A.P.J. ABDUL KALAM TECHNICAL UNIVERSITY, LUCKNOW",1,0,1
PRASAD V. POTLURI SIDDHARTHA INSTITUTE OF TECHNOLOGY,1,0,1
MAHARAJA SURAJMAL INSTITUTE (GGSIPU),1,0,1
NIFT,1,0,1
ST JOSEPH'S COLLEGE OF ENGINEERING CHENNAI,1,0,1
ST. THOMAS' COLLEGE OF ENGINEERING AND TECHNOLOGY,1,0,1
DR. B. C. ROY ENGINEERING COLLEGE,1,0,1
ALIGARH MUSLIM UNIVERSITY,1,0,1
ALLANA INSTITUTE OF MANAGEMENT SCIENCES,1,0,1
RAJEEV GANDHI MEMORIAL COLLEGE OF ENGINEERING AND,1,0,1
ANIL NEERUKONDA INSTITUTION OF TECHNOLOGY,1,0,1
ALVA'S INSTITUTE OF ENGINEERING AND TECHNOLOGY,1,0,1
UNIVERSITY COLLEGE OF ENGINEERING KAKINADA AUTONOMOUS,1,0,1
SRKR- SAGI RAMA KRISHNAM RAJU ENGINEERING COLLEGE,1,0,1
GAYATHRI VIDYA PARISHAD COLLEGE FOR DEGREE AND PG COURSES A,1,0,1
"JAIN UNIVERSITY, BANGALORE",1,0,1
ANIL NEERUKUNDA INSTITUTE OF TECHNOLOGY AND SCIENCES,1,0,1
AMRITA VISHWA VIDYAPEETHAM (AMRITA UNIVERSITY),1,0,1
AVANTI PG COLLEGE,1,0,1
"SHRI VISHNU ENGINEERING COLLEGE FOR WOMEN (SVECW),BHIMAVARAM",1,0,1
GOVERNMENT WOMEN'S DEGREE COLLEGE BEGUMPET,1,0,1
GVP-GAYATRI VIDYA PARISHAD COLLEGE FOR DEGREE AND PG COURSES,1,0,1
VIGNAN'S LARA INSTITUTE OF SCIENCE AND TECHNOLOGY,1,0,1
GAYATRI VIDYA PARISHAD COLLEGE FOR DEGREE AND PG COURSES(A),1,0,1
SHRI GNANAMBICA DEGREE COLLEGE,1,0,1
"RAJIV GANDHI UNIVERSITY OF KNOWLEDGE TECHNOLOGIES, BASARA, NIRMAL",1,0,1
ST.FRANCIS DEGREE COLLEGE,1,0,1
SCHOOL OF MANAGEMENT SCIENCES LUCKNOW,1,0,1
"BIRLA INSTITUTE OF APPLIED SCIENCES, BHIMTAL",1,0,1
RAJEEV GANDHI COLLEGE OF ENGINEERING AND TECHNOLOGY,1,0,1
INDIAN INSTITUTE OF INFORMATION TECHNOLOGY SRICITY CHITTOOR,1,0,1
RAJIV GANDHI UNIVERSITY OF KNOWLEDGE AND TECNOLOGIES ONGOLE,1,0,1
"DAYANANDA SAGAR ACADEMY OF TECHNOLOGY AND MANAGEMENT (DSATM) , BANGLORE",1,0,1
ITM UNIVERSITY GWALIOR,1,0,1
AMRITA VISWA VIDHYAPEETAM,1,0,1
JSPM'S IMPERIAL COLLEGE OF ENGINEERING AND RESEARCH,1,0,1
IDEAL INSTITUTE OF TECHNOLOGY,1,0,1
AVANTHI PG COLLEGE,1,0,1
"DR. B.C. ROY ENGINEERING COLLEGE, DURGAPUR",1,0,1
"BIRSA INSTITUTE OF TECHNOLOGY, SINDRI, DHANBAD",1,0,1
VELAGAOUDI RAMAKRISHNA ENGINEERING COLLEGE,1,0,1
"NISHITHA DEGREE AND PG COLLEGE, NIZAMABAD",1,0,1
MAHARAJA VIJAYARAM GAJAPATHIRAJ COLLEGE OF ENGGINEERING,1,0,1
ACME COLLEGE OF ARTS & SCIENCES,1,0,1
MANIT BHOPAL,1,0,1
"RAJIV GANDHI UNIVERSITY KNOWLEDGE TECHNOLOGIES, NUZVID",1,0,1
SAGI RAMAKRISHNAM RAJU ENGINEERING COLLEGE BHIMAVARAM,1,0,1
GULZAR GROUP OF INSTITUTES,1,0,1
SVECW - SHRI VISHNU ENGINEERING COLLEGE FOR WOMEN,1,0,1
ISTS ENGINEERING COLLEGE,1,0,1
KITSW- KAKATIYA INSTITUTE OF TECHNOLOGY AND SCIENCE WARANGAL,1,0,1
GAYATRI VIDHYA PARISHAD COLLEGE FOR DEGREE AND PG COURSES,1,0,1
MUMBAI UNIVERSITY,1,0,1
MRU-MALLA REDDY UNIVERSITY,1,0,1
VEER KUNWAR SINGH UNIVERSITY,1,0,1
JNTUK- JAWAHARLAL NEHRU TECHNOLOGICAL UNIVERSITY KAKINADA,1,0,1
DHANA LAKSHMI SRINIVASAN UNIVERSITY,1,0,1
"SRM UNIVERSITY, KATTANKULATHUR , CHENNAI",1,0,1
UNIVERSITY COLLEGE OF ENGINEERING,1,0,1
MAHARAJ GANAPATHI RAJ COLLEGE OF ENGINEERING,1,0,1
NATIONAL INSTITUTE OF TECHNOLOGY PATNA,1,0,1
JSPM IMPERIAL COLLEGE OF ENGINEERING AND RESEARCH WAGHOLI PUNE,1,0,1
BITS PILANI,1,0,1
RGUKT - RAJIV GANDHI UNIVERSITY OF KNOWLEDGE TECHNOLOGIES NUZVID,1,0,1
BHAVANS VIVEKANANDA DEGREE COLLEGE,1,0,1
B V C ENGINEERING COLLEGE,1,0,1
GURU GOBIND SINGH INDRAPRASTHA UNIVERSITY,1,0,1
ADITYA COLLEGE OF ENGINEERING & TECHNOLOGY,1,0,1
SHRI VISHNU ENGINEERING COLLEGE FOR WOMEN.,1,0,1
"ICFAI UNIVERSITY, DONTHANPALLY, HYDERABAD",1,0,1
ICFAI FOUNDATION FOR HIGHER EDUCATION(IFHE),1,1,0
INDIRA GANDHI DELHI TECHNICAL UNIVERSITY FOR WOMEN (IGDTUW),1,0,1
BANGALORE INSTITUTE OF TECHNOLOGY,1,0,1
MADANAPALLE INSTITUTE OF TECHNOLOGY & SCIENCED,1,0,1
"AMRITA VISWA VIDYAPEETHAM, AMRAVATI",1,0,1
KAKINADA INSTITUTE OF ENGNEEERING AND TECHNOLOGY,1,0,1
VASIREDDY VEKATADRI INSTITUTE OF TECHNOLOGY,1,0,1
AMRITA,1,0,1
SIMATS ENGINEERING,1,0,1
RAJ KUMAR GEOL INSTITUTE OF TECHNOLOGY,1,0,1
ER. PERUMAL MANIMEKALAI COLLEGE OF ENGINEERING,1,0,1
BVC COLLEGE OF ENGINEERING,1,0,1
DVR &DRHS MIC COLLEGE OF TECHNOLOGY,1,0,1
MEERUT INSTITUTE OF TECHNOLOGY,1,0,1
BONAM VENKATA CHALAMAYYA ENGINEERING COLLEGE ODALREVU,1,0,1
"COLLEGE OF ENGINEERING, GUINDY. ANNA UNIVERSITY, CHENNAI.",1,0,1
MADANAPALLE INSTITUTE OF TECHNOLOGY AND SCIENCES,1,0,1
NITRA TECHNICAL CAMPUS,1,0,1
"SESHADRI RAO GUDALVALLERU ENGINEERING COLLEGE, ANDHRA PRADESH",1,0,1
PIMPRI CHINCHWAD COLLEGE OF ENGINEERING PUNE,1,0,1
"AURORA PG COLLEGE,RAMANTHAPUR",1,0,1
AURORA'S PG COLLEGE,1,0,1
"ER.PERUMAL MANIMEKALAI COLLEGE OF ENGINEERING, HOSUR",1,0,1
"AURORA PG COLLEGE, RAMANTHAPUR",1,0,1
VIGNANA JYOTHI INSTITUTE OF MANAGEMENT,1,0,1
PBR VISVODAYA INSTITUTE OF TECHNOLOGY AND SCIENCE,1,0,1
KKR & KSR INSTITUTE OF TECHNOLOGIES AND SCIENCES,1,0,1
DVR & DR HS MIC COLLEGE OF TECHNOLOGY,1,0,1
AURORA UNIVERSITY,1,0,1
KAKINADA INSTITUTION OF ENGINEERING AND TECHNOLOGY FOR KIET-W,1,0,1
HOLY MARRY INSTITUTE OF TECHNOLOGY AND SCIENCE,1,0,1
KAKINADA INSTITUTE OF ENGINEERING & TECHNOLOGY,1,0,1
NSUT,1,0,1
DCRUST,1,0,1
"JNTUA COLLEGE OF ENGINEERING, PULIVENDULA",1,0,1
GURU NANAK INSTITUTIONS TECHNICAL CAMPUS,1,0,1
RAJA BAHADUR VENKATA RAMA REDDY INSTITUTE OF TECHNOLOGY,1,0,1
CHALAPATHI INSTITUTE OF ENGINEERING AND TECHNOLOGY (CIET) LAM,1,0,1
KU COLLGE OF ENGINEERING AND TECHNOLOGY,1,0,1
"INDIAN INSTITUTE OF TECHNOLOGY, PALAKKAD (IIT PKD)",1,0,1
INDIRA GANDHI NATIONAL OPEN UNIVERSITY,1,0,1
"ICFAI UNIVERSITY,HYDERABAD",1,1,0
GITAM UNIVERSITY HYDERABAD,1,0,1
KAKINADA INSTITUTIONS OF ENGINEERING TECHNOLOGY,1,0,1
KANDULA SREENIVASA REDDY MEMORIAL COLLEGE OF ENGINEERING,1,0,1
COLLEGE OF ENGINEERING PUNE,1,0,1
VEER BAHADUR SINGH PURVANCHAL UNIVERSITY,1,0,1
USHODAYA DEGREE COLLEGE,1,0,1
"JAWAHARLAL NEHRU TECHNOLOGICAL UNIVERSITY KAKINADA, UCEK",1,0,1
SIDDHARTHA ACADEMY OF HIGHER EDUCATION,1,0,1
GALGOTIAS UNIVERSITY,1,0,1
NADIMPALLY SATYANARAYANA RAJU INSTITUTE OF TECHNOLOGY,1,0,1
AURORA'S DEGREE& PG COLLEGE,1,0,1
V.S.B ENGINEERING COLLEGE KARUR,1,0,1
SRI KRISHNA ADITHYA COLLEGE OF ARTS AND SCIENCE,1,0,1
NAI VAIBHAV DINESHBHAI,1,0,1
C.R RAO AIMSCS,1,0,1
BONAM VENKATA CHALAMMAYA ENGINEERING COLLEGE,1,0,1
"S.A ENGINEERING COLLEGE, CHENNAI",1,0,1
PARVATHANENI BRAHMAYYA SIDDHARTHA COLLEGE OF ARTS & SCIENCE,1,0,1
KL UNIVERSITY HYDERABAD,1,0,1
GAYATRI VIDHYA PARISHAD COLLEGE OF ENGINEERING,1,0,1
VELLORE INSTITUTE OF TECHNOLOGY(VITAP),1,0,1
"DR. B.C ROY ENGINEERING COLLEGE, DURGAPUR",1,0,1
"DR. B.C.ROY ENGINEERING COLLEGE, DURGAPUR",1,0,1
VIGNAN'S LARA INSTITUTE OF TECHNOLOGY AND SCIENCES,1,0,1
JAIPUR ENGINEERING COLLEGE AND RESEARCH CENTER,1,0,1
BIRLA INSTITUTE OF TECHNOLOGY MESRA,1,0,1
UNIVERSITY COLLEGE OF ENGINEERING JNTUK,1,0,1
"VELLORE INSTITUTE OF TECHNOLOGY, ANDHRA PRADESH (VIT-AP UNIVERSITY)",1,0,1
"LAKSHMI NARAIN COLLEGE OF TECHNOLOGY ,BHOPAL",1,0,1
DR.BC.ROY ENGINEERING COLLEGE,1,0,1
QUANTUM UNIVERSITY ROORKEE UTTARAKHAND INDIA,1,0,1
NIT NAGALAND,1,0,1
MOHAN BABU UNIVERESITY,1,0,1
PROFESSOR JAYASHANKHAR TELANGANA STATE AGRICULTURAL UNIVERSITY,1,0,1
CRRAO AIMSCS,1,0,1
SHRI VISHNU ENGENEERING COLLEGE FOR WOMEN,1,0,1
KAKINADA INSTITUTE OF TECHNOLOGY FOR WOMEN,1,0,1
EXCEL ENGINEERING COLLEGE,1,0,1
DR. M.G.R EDUCATIONAL AND RESEARCH INSTITUTE,1,0,1
VIDYA VARDHAKA COLLEGE OF ENGINEERING,1,0,1
JAWAHARLAL NEHRU UNIVERSITY KAKINADA,1,0,1
RGMCET-RAJIVEE GANDHI MEMORIAL COLLEGE OF ENGINEERING AND TECNOLOGYCY,1,0,1
PRASAD V POTLURI SIDDHARTHA INSTITUTE OF TECHNOLOGY,1,0,1
ICFAI TECH HYDERABAD,1,0,1
"CCE , JHANJERI , MOHALI",1,0,1
GITAM(GANDHI INSTITUTE OF TECHNOLOGY AND MANAGEMENT),1,0,1
ICFAI FOUNDATION FOR HIGHER EDUCATION (IFHE) HYDERABAD,1,0,1
CHRIST ACADEMY INSTITUTE FOR ADVANCED STUDIES,1,0,1
ELURU COLLEGE OF ENGINEERING ANDTECHNOLOGY,1,0,1
RVR AND JC COLLEGE (GUNTUR),1,0,1
RAYAT BAHRA INSTITUTE OF ENGINEERING AND NANO TECHNOLOGY,1,0,1
ST MARY'S GROUP OF INSTITUTIONS GUNTUR FOR WOMEN,1,0,1
KANPUR INSTITUTE OF TECHNOLOGY,1,0,1
KK COLLEGE OF ENGINEERING AND MANAGEMENT,1,0,1
GODAVARI INSTITUTE OF ENGENEERING AND TECHNOLOGY,1,0,1
SAI SPURTHI INSTITUTE OF TECHNOLOGY,1,0,1
RGUKT IIIT RKVALLEY,1,0,1
VELLORE INSTITUTE OF TECHNOLOGY(AP),1,0,1
AVINASHILINGAM INSTITUTE FOR HOME SCIENCE AND HIGHER EDUCATION FOR WOMEN,1,0,1
ADITYA COLLEGE,1,0,1
NXTWAVE INSTITUTE OF ADVANCED TECHNOLOGIES,1,0,1
G NARAYANAMMA INSTITUTE OF TECHNOLOGY AND SCIENCE,1,0,1
WOMEN INSTITUTE OF TECHNOLOGY,1,0,1
ER.PERUMAL MANIMEKALAI COLLEGE OF ENGINEERING,1,0,1
TRIDENT ACADEMY OF TECHNOLOGY,1,0,1
MASTERJI DEGREE AND P. G COLLEGE,1,0,1
AMRITA SCHOOL OF ARTS AND SCIENCE,1,0,1
VIGNAN INSTITUTION OF INFORMATION AND TECHNOLOGY,1,0,1
KDDW - KODADA INST OF TECHNOLOGY AND SCIENCE FOR WOMEN,1,0,1
"CLUSTER INNOVATION CENTRE, UNIVERSITY OF DELHI",1,0,1
CHANDIGARH GROUP OF COLLEGES JHANJERI,1,0,1
VIGNAN'S INISTITUTE OF INFORMATION TECHNOLOGY,1,0,1
MGM UNIVERSITY AURANGABAD MAHARASHTRA,1,0,1
VREC - VIJAYA RURAL ENGINEERING COLLEGE,1,0,1
D Y PATIL UNIVERSITY,1,0,1
QISCET - QIS COLLEGE OF ENGINEERING AND TECHNOLOGY,1,0,1
INSTITUTE OF INFORMATICS AND COMMUNICATION,1,0,1
AVNIET,1,0,1
G NARAYANANAMMA INSTITUTE OF TECHNOLOGY AND SCIENCES,1,0,1
SWAMI VIVEKANANDA INSTITUTE OF TECHNOLOGY SECUNDERABAD,1,0,1
SAVITRIBAI PHULE PUNE UNIVERSITY,1,0,1
SRKR (SAGI RAMAKRISHNAM RAJU ENGINEERING COLLEGE),1,0,1
"INDIAN INSTITUTE OF TECHNOLOGY, HYDERABAD",1,0,1
"TKM COLLEGE OF ENGINEERING,KOLLAM",1,0,1
"VEMU INSTITUTE OF TECHNOLOGY, CHITTOOR",1,0,1
KK COLLEGE OF ENGINEERING AND MANAGEMENT DHANBAD,1,0,1
HARIDWAR UNIVERSITY,1,0,1
JAIN COLLEGE OF ENGINEERING,1,0,1
ICFAI TECH UNIVERSITY,1,0,1
SESHADRI RAO GUDLAVALLERU ENGENEERING COLLEGE,1,0,1
QIS COLLEGE OF ENGINEERING,1,0,1
"IIIT NUZVID,RGUKT",1,0,1
ST ANNS COLLEGE FOR WOMEN,1,0,1
VIGNAN'S INSTITUTE OF INFORMATION TECHNOLOGY VISAKHAPATNAM,1,0,1
"TKM COLLEGE OF ENGINEERING, KARICODE, KOLLAM , KERALA",1,0,1
"ST VINCENT PG COLLEGE, OSMANIA UNIVERSITY",1,0,1
"TIRUMALA ENGINEERING COLLEGE, JONNALAGADDA, NARASARAOPET 522601",1,0,1
GURUKUL DEGREES COLLEGE KALABURAGI,1,0,1
R.V.R. AND J.C. COLLEGE OF ENGINEERING,1,0,1
DR BHIMRAO AMBEDKAR UNIVERSITY AGRA,1,0,1
"QIS COLLEGE OF ENGINEERING AND TECHNOLOGY, VENGAMUKKAPALEM, ONGOLE",1,0,1
BHEEMANNA KHANDRE INSTITUTE OF TECHNOLOGY,1,0,1
"VELLORE INSTITUTE OF TECHNOLOGY ,AMARAVATI",1,0,1
VIGNANS INSTITUE OF INFORMATION TECHNOLOGY,1,0,1
VIGNAN INSITUTE OF INFORMATION TECHNOLOGY,1,0,1
SOURASHTRA COLLEGE,1,0,1
G. NARAYANAMMA INSTITUTE OF SCIENCE AND TECHNOLOGY,1,0,1
Y.S.R ENGINEERING COLLEGE OF YOGI VEMANA UNIVERSITY,1,0,1
"BONAM VENKATA CHALAMAYYA ENGINEERING COLLEGE, ODALAREVU",1,0,1
ABES INSTITUTE OF TECHNOLOGY,1,0,1
IIT JAMMU,1,0,1
SIDDHARTHA INSTITUTE OF TECHNOLOGY AND SCIENCE,1,0,1
"INSTITUTE OF ENGINEERING AND MANAGEMENT,KOLKATA",1,0,1
"VELLORE INSTITUTE OF TECHNOLOGY,AMARAVATI",1,0,1
SRKR ENGINEERING COLLEGE BHIMAWARAM,1,0,1
IP PG COLLEGE CAMPUS 2 BULANDSHAHR,1,0,1
"TIRUMALA ENGINNERING COLLEGE, JONNALAGADDA",1,0,1
VRKW - DR VRK WOMENS COLL OF ENGG AND TECHNOLOGY,1,0,1
RISE KRISHNA SAI PRAKASAM GROUP OF INSTITUTIONS,1,0,1
KAKINADA INSTITUE OF ENGINEERING AND TECHNOLOGY FOR WOMENS,1,0,1
SAGI RAMA KRISHNAM RAJU,1,0,1
WOXSEN,1,0,1
KIEW,1,0,1
"USAR,GGSIPU",1,0,1
INDIAN INSTITUTE OF INFORMATION TECHNOLOGY MANIPUR,1,0,1
"NRI INSTITUTE OF TECHNOLOGY, AGIRIPALLI.",1,0,1
BALLARI INSTITUTE OF TECHNOLOGY & MANAGEMENT,1,0,1
ST JOSEPH WOMEN DEGREE COLLEGE,1,0,1
KONGUNADU COLLEGE OF ENGINEERING AND TECHNOLOGY,1,0,1
VELAGAPUDI RAMAKRISHNA SIDDARTHA ENG COLLEGE,1,0,1
SIDDHARTHA INSTITUTE OF TECHNOLOGY AND SCIENCES,1,0,1
MADANAPALLE INSTITUTE OF TECHNOLOGY & SCIENCE-MITS,1,0,1
ST.MARYS GROUP OF INSTITUTIONS FOR WOMEN GUNTUR,1,0,1
VEMU INSTITUTE OF TECHNOLOGY,1,0,1
AV COLLEGE,1,0,1
R.V.R & J.C CE,1,0,1
INSTITUTE OF ENGINEERING AND MANAGEMENT,1,0,1
KIET - KAKINADA INSTITUTE OF TECHNOLOGY AND TECHNOLOGY,1,0,1
IIIT BANGALORE,1,0,1
"SHRI GNANAMBICA DEGREE COLLEGE, MADANAPALLE",1,0,1
CHAITANYA UNIVERSITY,1,0,1
INDIAN INSTITUTE OF TECHNOLOGY HYDERABAD,1,0,1
SRI SAI ADITYA DEGREE COLLEGE,1,0,1
AMITY UNIVERSITY BENGALURU,1,0,1
"SRKR ENGINNEERING COLLEGE,BHIMAVARAM",1,0,1
DAYANANDA SAGAR COLLEGE OF ENGINEERING,1,0,1
VISWAM ENGENEERING COLLEGE,1,0,1
VEL-TECH UNIVERSITY,1,0,1
"SAGI RAMAKRISHNAM RAJU ENGINEERING COLLEGE, CHINAMIRAM",1,0,1
MAHARISHI MARKANDESHWAR DEEMED TO BE UNIVERSITY,1,0,1
MANAV RACHNA INTERNATIONAL INSTITUTE OF RESEARCH AND STUDIES,1,0,1
"AMRITA VISHWA VIDHYAPEETHAM ,AMARAVATHI CAMPUS",1,0,1
INDIAN INSTITUTE OF MANAGEMENT AND COMMERCE,1,0,1
"SREE CHAITHANYA DEGREE COLLEGE, AFFLICTED BY VIKRAM SINGAPURI UNIVERSITY",1,0,1
STANLEY COLLEGE OF ENGINEERING AND TECHNOLOGY FOR WOMEN,1,0,1
GNPT - GANAPATHI ENGINEERING COLLGE,1,0,1
ANURAG ENGINEERING COLLEGE AUTONOMOUS KODAD,1,0,1
SRI SIVANI COLLEGE OF ENGG,1,0,1
RAYALASEMA UNIVERSITY COLLEGE OF ENGINEERING,1,0,1
ICFAI FOUNDATIONAL OF HIGHER EDUCATIONAL,1,0,1
SCHOOL OF INFORMATION TECHNOLOGY RAJIV GANDHI PROUDYOGIKI VISHWAVIDYALAYA BHOPAL,1,0,1
GYAN GANGA COLLAGE COLLAGE OF TECHNOLOGY,1,0,1
SAGI RAMA KRISHNAM RAJU ENGNERRING COLLEGE,1,0,1
CREATIVE MULTIMEDIA COLLEGE OF FINE ARTS,1,0,1
MAHENDRA ENGINEERING COLLEGE,1,0,1
VNR VIGNANA JYOTI INSTITUTE OF ENGINEERING AND TECHNOLOGY,1,0,1
VELLORE INSTITUE OF TECHNOLOGY AMARAVATHI,1,0,1
KKR &KSR INSTITUTE OF TECHNOLOGY AND SCIENCES,1,0,1
NALLA NARSHIMHA REDDY GROUP OF INSTITUTIONS,1,0,1
"SRI VASAVI ENGINEEING COLLEGE, PEDATADEPALLI",1,0,1
"VISHNU INSTITUTE OF TECHNOLOGY,BHIMAVARAM",1,0,1
DAYANAND SAGAR COLLEGE OF ENGINEERING,1,0,1
JAYPEE UNIVERSITY OF ENGINEERING AND TECHNOLOGY,1,0,1
DHANLAKSHMI SRINIVASAN UNIVERSITY TRICHY,1,0,1
DR LANKAPALLI BULLAYA COLLEGE OF ENGINEERING,1,0,1
ADITYA DEGREE COLLEGE KAKINADA,1,0,1
"VELLORE INSTITUTE OF TECHNOLOGY, CHENNAI CAMPUS",1,0,1
RAJIV GANDHI MEMORIAL COLLEGE OF ENGINEERING AND TECHNOLOGY,1,0,1
RAYAPATI VENKATA RANGARAO & JAGARLAMUDI CHANDRAMOULI,1,0,1
SIST - SATHYABAMA INSTITUTE OF SCIENCE AND TECHNOLOGY,1,0,1
VELLORE INSTITUTE OF TECHNOLOGY -VELLORE,1,0,1
P.R.POTE PATIL COLLEGE OF ENGINEERING AND MANAGEMENT,1,0,1
AMRITASAI INSTITUTE OF SCIENCE AND TECHNOLOGY,1,0,1
AACHARYA NAGARJUNA UNIVERSITY CENTRE FOR DISTANCE EDUCATION,1,0,1
RAJEEV GANDHI MEMORIAL COLLEGE AND ENGINEERING TECHNOLOGY,1,0,1
"ST. MARY'S WOMENS ENGINEERING COLLEGE, BUDAMPADU",1,0,1
KL UNIVERSITY BOWRAMPET,1,0,1
V. S. B. ENGINEERING COLLEGE,1,0,1
ANITS,1,0,1
"ADITYA COLLEGE OF ENGINEERING AND TECHNOLOGY,SURAMPALEM",1,0,1
MAHARISHI ARVIND INSTITUTE OF SCIENCE AND MANAGEMENT,1,0,1
BVCE,1,0,1
AMRITA VISHWA VIDYAPEETHAM AMARAVATI,1,0,1
JSS ACADEMY OF TECHNICAL EDUCATION,1,0,1
KISHKINDHA UNIVERSITY,1,0,1
KITS AKSHAR,1,0,1
AMRITA VISHWA VIDHYAPEETAM,1,0,1
KORMCE,1,0,1
RAJIV GANDHI UNIVERSITY OF KNOWLEDGE TECHNOLOGIES - SRIKAKULAM,1,0,1
GPT WARANGAL,1,0,1
MANIPAL UNIVERSITY DUBAI,1,0,1
"KAKATIYA INSTITUTE OF TECHNOLOGY AND SCIENCE,WARANGAL",1,0,1
SASI INSTITUTE OF TECHNOLOGY,1,0,1
"SHIV NADAR UNIVERSITY, NCR",1,0,1
AASU DEVELOPER,1,0,1
GVIC- GOLDEN VALLEY INTEGRATED CAMPUS,1,0,1
"GLA UNIVERSITY,MATHURA",1,0,1
NAGPUR UNIVERSITY,1,0,1
PRINCETON PG COLLEGE OF MANAGEMENT & IT,1,0,1
VELLORE INSTITUTE OF TECHNOLOGY - AP UNIVERSITY,1,0,1
BONNAM VENKATA CHALAMAYYA ENGINEERING COLLEGE,1,0,1
RAJEEV GANDHI MEMORIAL COLLEGE OF ENGINEERING AND TECHNOLOGY NANDHYAL,1,0,1
SRM INSTITUTE OF TECHNOLOGY AND SCIENCE,1,0,1
GAYATRI VIDYA PARISHAD COLLEGE OF ENGINEERING VIZAG,1,0,1
GURU GHASIDAS CENTRAL UNIVERSITY,1,0,1
KONERU LAKSHMAIAH UNIVERSITY(KLU),1,0,1