Affiliation,total_registrations,no_of_accounts_created,no_of_accounts_needed
LOVELY PROFESSIONAL,1,0,1
VEMANA INSTITUTE OF TECHNOLOGY,1,0,1
GODAVARI INSTITUTE OF ENGINEERING AND TECHNOLOGY,8,1,7
SRI SAI COLLEGE OF MANAGEMENT,1,1,0
LKDFJAKLD,1,0,1
LOVELY PROFESSIONAL UNIVERSITY,27,10,17
BHARATH INSTITUTE OF HIGHER EDUCATION AND RESEARCH,13,3,10
ARJN - ARJUN COLLEGE OF TECHNOLOGY AND SCIENCE,2,0,2
MRIT - MALLAREDDY INST OF TECHNOLOGY AND SCI,19,9,10
SRI VENKATESHWARA UNIVERSITY,1,0,1
ANJIRACHAPI143@GMAOL.COM,1,0,1
TKEM - TEEGALA KRISHNA REDDY ENGINEERING COLLEGE (AUTONOMOUS),77,11,66
SWARNANDHRA COLLEGE OF ENGINEERING TECHNOLOGY,1,1,0
INDU - SRI INDU COLLEGE OF ENGG AND TECHNOLOGY,24,9,15
SRHP - SR UNIVERSITY ( FORMERLY S R ENGINEERING COLLEGE),39,24,15
GITAM,131,50,81
COLLEGE,407,97,310
JAIN UNIVERSITY,6,5,1
HCL TECH,3,0,3
ROHITH VELTURI,1,1,0
DR BR AMBEDKAR UNIVERSITY,3,0,3
MNRT - MNRCOLLEGE OF ENGINEERING AND TECHNOLOGY,2,0,2
CENTURION UNIVERSITY OF TECHNOLOGY AND MANAGEMENT,3,1,2
CVRH - CVR COLLEGE OF ENGINEERING,56,15,41
VJIT - VIDYAJYOTHI INSTITUTE OF TECHNOLOGY,345,159,186
PARUL UNIVERSITY,25,8,17
VJEC - V N R VIGNAN JYOTHI INSTITUTE OF ENGG AND TECH,643,220,423
JNTH - JNTU COLLEGE OF ENGG HYDERABAD,589,229,360
UNIVERSITY OF ILLINOIS SPRINGFIELD,1,0,1
SUNY NEW PALTZ & WASHINGTON UNIVERSITY OF SCIENCE AND TECHNOLOGY,1,0,1
OSMANIA COLLEGE,2,0,2
CBIT - CHAITANYA BHARATHI INSTITUTE OF TECHNOLOGY,291,133,158
SRI VENKATESWARA COLLEGE OF ENGINEERING TIRUPATI,1,0,1
SRM AP,2,0,2
PRAKASAM ENGINEERING COLLEGE,1,0,1
UNIVERSITY OF EAST LONDON,3,0,3
MGIT - MAHATMA GANDHI INSTITUTE OF TECHNOLOGY,161,73,88
VELLORE INSTITUTE OF TECHNOLOGY,20,8,12
VASIREDDY VENKATADHRI INSTITUTE OF TECHNOLOGY,1,1,0
WILMINGTON UNIVERSITY,1,0,1
NONE,4,2,2
CHAITANYA DEEMED TO BE UNIVERSITY,42,21,21
TEXAS A&M CORPUS CHRISTI,1,0,1
CMRM - CMR INSTITUTE OF TECHNOLOGY (AUTONOMOUS),41,15,26
HARRISBURG UNIVERSITY,1,0,1
UNIVERSITY OF NORTH TEXAS,9,0,9
ARIZONA STATE UNIVERSITY,5,0,5
UNIVERSITY OF CENTRAL MISSOURI,4,0,4
SRI KRISHNA DEVARAYA UNIVERSITY,1,0,1
THE OXFORD COLLEGE OF ENGINEERING,3,1,2
VIGNAN BHARTHRI ENGINEERING COLLEGE,1,0,1
SVR ENGINEERING COLLEGE,4,1,3
RAMACHANDRAN COLLEGE OF ENGINEERING,1,1,0
CHIRAYU,1,1,0
OUCE - O U COLLEGE OF ENGG HYDERABAD,107,35,72
MOHAN BABU UNIVERSITY,14,5,9
IIT GUWAHATI,3,0,3
ME,1,1,0
BIET - BHARAT INSTITUTE OF ENGG AND TECHNOLOGY,54,23,31
NNRG - NALLA NARASIMHA REDDY EDNL SOC GRP OF INSTNS,108,44,64
SVCET,1,0,1
"AMRITA SCHOOL OF ENGINEERING, BENGALURU",2,1,1
VELAGAPUDI RAMAKRISHNA SIDDHARTHA ENGINEERING COLLEGE,29,16,13
ANIL NEERUKONDA INSTITUTE OF TECHNOLOGY AND SCIENCES,25,8,17
ELLANKI COLLEGE OF ENGINEERING AND TECHNOLOGY,1,1,0
ADITYA ENGINEERING COLLEGE,14,1,13
SRM UNIVERSITY RAMAPURAM,1,0,1
KGRH - KG REDDY COLLEGE OF ENGG AND TECHNOLOGY (AUTONOMOUS),65,35,30
GCTC - GEETHANJALI COLLEGE OF ENGG AND TECHNOLOGY (AUTONOMOUS),265,105,160
BANK OF BARODA,1,0,1
ANUG - ANURAG UNIVERSITY (FORMERLY ANURAG GRP OF INSTNS- CVSR COLL OF ENGG),1082,480,602
RAJEEV GANDHI MEMORIAL COLLEGE OF ENGINEERING AND TECHNOLOGY,83,29,54
PACE INSTITUTE OF TECHNOLOGY AND SCIENCES,5,2,3
UNIVERSITY COLLEGE OF SCIENCE SAIFABAD,1,0,1
GURU - GURUNANAK INSTTECH CAMPUS,25,5,20
CMRG - CMR TECHNICAL CAMPUS (AUTONOMOUS),163,55,108
UNIVERSITY OF ILLINOIS CHICAGO,1,0,1
MRCE - MALLA REDDY COLLEGE OF ENGINEERING,125,52,73
USHA RAMA COLLEGE OF ENGINEERING AND TECHNOLOGY,6,2,4
AVINASH COLLEGE OF COMMERCE,4,0,4
MUTHAYAMMAL ENGINEERING COLLEGE,2,1,1
SWARANDHARA COLLEGE OF ENGINEERING AND TECHNOLOGY,1,1,0
MLRS - MARRI LAXMAN REDDY INST OF TECHNOLOGY AND MANAGEMENT (AUTONOMOUS),116,45,71
PURDUE UNIVERSITY,1,0,1
HITM - HYDERABAD INST OF TECHNOLOGY AND MGMT (AUTONOMOUS),58,26,32
AMRITA VISHWA VIDHYAPEETHAM,52,28,24
WELLSFARGO,1,1,0
VAGE - VAAGDEVI COLLEGE OF ENGINEERING,36,18,18
KL UNIVERSITY,33,12,21
INTELIVERSE TECH SOLUTIONS LLP,1,0,1
SATHYABAMA UNIVERSITY,8,1,7
KMEC - KESHAV MEMORIAL ENGINEERING COLLEGE,25,14,11
RAGHU ENGINEERING COLLEGE,12,4,8
BASI REDDY MEMORIAL DEGREE COLLEGE,1,0,1
CMRK - C M R COLLEGE OF ENGG AND TECHNOLOGY (AUTONOMOUS),628,272,356
PRAKASAM ENGINEERING COLLEGE(JNTUK),1,1,0
VASV - VASAVI COLLEGE OF ENGINEERING,136,50,86
BVRI - B V RAJU INSTITUTE OF TECHNOLOGY,152,59,93
SNIS - SREENIDHI INSTITUTE OF SCI AND TECHNOLOGY,428,215,213
SRI KRISHNADEVARAYA UNIVERSITY COLLEGE OF ENGINEERING AND TECHNOLOGY,2,0,2
GRRR - GOKARAJU RANGARAJU INSTITUTE OF ENGG AND TECH,290,149,141
BREW - BHOJREDDY ENGINEERING COLLEGE FOR WOMEN,26,8,18
"NRI INSTITUTE OF TECHNOLOGY, VIJAYAWADA",1,0,1
HKBK COLLEGE OF ENGINEERING,1,0,1
LOYOLA ACADEMY,6,2,4
KMIT - KESHAV MEMORIAL INST OF TECHNOLOGY,88,56,32
MLID - M L R INSTITUTE OF TECHNOLOGY,472,105,367
KTKM - KAMALA INSTITUTE OF TECHNOLOGY AND SCIENCE,7,1,6
IIT DELHI,2,1,1
MECS - MATRUSRI ENGINEERING COLLEGE,163,89,74
INDI - SRI INDU INSTITUTE OF ENGINEERING AND TECHNOLOGY,15,9,6
ANDHRA UNIVERSITY COLLEGE OF ENGEENERING (A),20,8,12
SRI VENKATESWARA COLLEGE OF ENGINEERING,12,2,10
TGRS JC BOYS TOOPRAN,1,0,1
SDES - SREE DATTHA INSTITUTE OF ENGINEERING AND SCIENCE,9,5,4
PACE INSTITUE OF TECHNOLOGY AND SCIENCES,1,0,1
CHET - SRI CHAITANYA TECHNICAL CAMPUS,1,0,1
KPRT - KOMMURI PRATAP REDDY INST OF TECHNOLOGY,151,42,109
VVIT,3,2,1
R.M.K ENGINEERING COLLEGE,2,0,2
GNIT - GURUNANAK INST OF TECHNOLOGY,28,10,18
AUDISANKARA COLLEGE OF ENGINEERING AND TECHNOLOGY,6,1,5
SRM INSTITUTE OF SCIENCE AND TECHNOLOGY KATTANKULATHUR,1,0,1
BMR DEGREE COLLEGE GAJWEL,1,0,1
SRM UNIVERSITY,11,5,6
NGIT - NEIL GOGTE INST OF TECHNOLOGY,22,17,5
JNTUK COLLEGE OF ENGINNERING KAKINADA,37,10,27
UNIVERSITY AT BUFFALO,2,1,1
SRI VIDHYA DEGREE COLLEGE,1,0,1
SIR CR REDDY POLYTECHNIC,1,0,1
RAGHU INSTITUTE OF TECHNOLOGY,4,2,2
MALLA REDDY UNIVERSITY,58,24,34
OREGON STATE UNIVERSITY,1,0,1
BMSCE,1,0,1
KODNEST,1,1,0
JAGANS COLLEGE OF ENGINEERING TECHNOLOGY,1,0,1
MLRD - MALLA REDDY COLLEGE OF ENGG TECHNOLOGY (AUTONOMOUS),246,117,129
SDHR DEGREE COLLEGE,1,1,0
CENTURION UNIVERSITY,1,1,0
M S RAMAIAH UNIVERSITY OF APPLIED SCIENCE,1,1,0
AURORA DEGREE & PG COLLEGE,5,2,3
VIT-AP UNIVERSITY,5,2,3
MAHINDRA UNIVERSITY,7,4,3
SIR C R REDDY COLLEGE OF ENGINEERING,4,1,3
SIEI - SIDDHARTHA INSTT OF ENGG AND TECHNOLOGY,17,3,14
"INDIAN INSTITUTE OF INFORMATION TECHNOLOGY SENAPATI, MANIPUR",2,1,1
SRI VENKATESWARA UNIVERSITY COLLEGE OF ENGINEERING,3,2,1
WOXSEN UNIVERSITY,28,19,9
PRAGATI ENGINEERING COLLEGE,13,5,8
CHANDIGARH UNIVERSITY,7,3,4
PACE INSTITUTE OF TECHNOLOGY AND SCIENCE,1,0,1
LRDS - LORDS INSTITUTE OF ENGINEERING AND TECHNOLOGY (AUTONOMOUS),4,2,2
VELLORE INSTITUTE OF TECHNOLOGY - AP,2,1,1
VIGNANA BHARATHI INSTITUTE OF TECHNOLOGY,102,46,56
HOLYMARY DEGREE COLLEGE,1,1,0
IIIT NAGPUR,1,0,1
NATIONAL INSTITUTE OF TECHNOLOGY TIRUCHIRAPPALLI,1,0,1
YSR ENGINEERING COLLEGE OF YVU,3,1,2
VIGNAN'S LARA INSTITUTE OF TECHNOLOGY & SCIENCE,2,1,1
PRESIDENCY UNIVERSITY,12,3,9
JNTUA COLLEGE OF ENGINEERING ANANTAPUR,18,3,15
ANNAMACHARYA INST OF TECHNOLOGY AND SCIENCES KADAPA,3,0,3
SRYS - SREYAS INST OF ENGG AND TECHNOLOGY,93,46,47
SWARNANDHRA COLLEGE OF ENGINEERING AND TECHNOLOGY,5,2,3
VMEG - VARDHAMAN COLLEGE OF ENGINEERING,612,284,328
ADITYA COLLEGE OF ENGINEERING AND TECHNOLOGY,15,8,7
THE APOLLO UNIVERSITY,10,5,5
AURORA DEEMED TO BE UNIVERSITY,20,1,19
INDIRA PRIYADARSHINI GOVERNMENT DEGREE COLLEGE,1,0,1
COGNITIVEBOTICS,1,0,1
R V INSTITUTE OF TECHNOLOGY AND MANAGEMENT,1,1,0
BITN - BALAJI INSTITUTE OF TECHNOLOGY AND SCI,14,11,3
REALPAGE,1,1,0
VELLORE INSTITUTE OF TECHNOLOGY -AP,1,1,0
RAJIV GANDHI UNIVERSITY OF KNOWLEDGE AND TECHNOLOGIES,12,7,5
JAYA - JAYAMUKHI INSTITUTE OF TECHNOLOGY AND SCIS,86,31,55
NORTHWEST MISSOURI STATE UNIVERSITY,2,0,2
MIRACLE EDUCATIONAL SOCIETY GROUP OF INSTITUTIONS,3,1,2
ALLIANCE UNIVERSITY,5,2,3
RAYALASEEMA UNIVERSITY,2,2,0
NATIONAL INSTITUTE OF TECHNOLOGY CALICUT,3,1,2
PES UNIVERSITY,3,2,1
GATE - GATE INSTITUTE OF TECHNOLOGYAND SCIENCES,5,4,1
MRCW - MALLA REDDY ENGG COLLEGE FOR WOMEN (AUTONOMOUS),185,66,119
SESHADRI RAO GUDLAVALLERU ENGINEERING COLLEGE,6,1,5
JBIT - J B INSTITUTE OF ENGG AND TECHNOLOGY,94,31,63
MRTN - ST MARTINS ENGINEERING COLLEGE (AUTONOMOUS),61,41,20
ELEN - ELLENKI COLLGE OF ENGG AND TECHNOLOGY,4,1,3
SPHN - SPHOORTHY ENGINEERING COLLEGE,84,35,49
MVSR - M V S R ENGINEERING COLLEGE (AUTONOMOUS),411,148,263
GLWC - GOKARAJU LAILAVATHI WOMENS ENGINEERING COLLEGE,20,13,7
NEW ENGLAND COLLEGE,1,0,1
IIT INDORE,1,0,1
PETW - PRINCETON INST OF ENGG TECH FOR WOMEN,5,0,5
SAGI RAMAKRISHNAM RAJU ENGINEERING COLLEGE,3,2,1
JAYPEE INSTITUTE OF INFORMATION TECHNOLOGY,4,2,2
GMR INSTITUTE OF TECHNOLOGY,11,6,5
ASRA - AVANTHIS SCIENTIFIC TECH AND RESEARCH ACADEMY,7,3,4
JOB SEARCH,1,0,1
DHANALAKSHMI SRINIVASAN UNIVERSITY,1,1,0
VIGNAN LARA INSTITUTE OF TECHNOLOGY & SCIENCES,1,0,1
LIONORBIT.COM,1,0,1
"VELLORE INSTITUTE OF TECHNOLOGY, AP CAMPUS",1,0,1
"VIGNANâ€™S FOUNDATION FOR SCIENCE, TECHNOLOGY & RESEARCH (VFSTR), GUNTUR",1,1,0
KALASALINGAM ACADEMY OF RESEARCH AND EDUCATION,20,10,10
HOLY - HOLY MARY INSTITUTE OF TECH SCIENCE (AUTONOMOUS),14,6,8
IITT - INDUR INSTITUTE OF ENGINEERING AND TECHNOLOGY,7,5,2
KARUNYA INSTITUTE OF TECHNOLOGY AND SCIENCES,1,0,1
D.N.R COLLEGE OF ENGINEERING AND TECHNOLOGY,2,0,2
SAVEETHA INSTITUTE OF MEDICAL AND TECHNICAL SCIENCES,1,0,1
IIT ROORKEE,2,2,0
BNM INSTITUTE OF TECHNOLOGY,2,1,1
PRATHYUSHA ENGINEERING COLLEGE,1,1,0
SAVEETHA SCHOOL OF ENGINEERING,16,2,14
MADANAPALLE INSTITUTE OF TECHNOLOGY AND SCIENCE,13,2,11
"INDIAN INSTITUTE OF INFORMATION TECHNOLOGY, KOTA",1,0,1
R.V.R & J.C COLLEGE OF ENGINEERING,9,2,7
SRMAP UNIVERSITY,1,0,1
SOILSOFT TECHNOLOGIES,1,0,1
VISHWA VISHWA INSTITUTE,1,0,1
STLW - STANLEY COLLEGE OF ENGG AND TECHNOLOGY FOR WOMEN (AUTONOMOUS),256,107,149
"G PULLA REDDY ENGINEERING COLLEGE (AUTONOMOUS), KURNOOL",15,3,12
NARASARAOPETA ENGINEERING COLLEGE,10,3,7
NARAYANA ENGINEERING COLLEGE,4,1,3
VIGNAN INSTITUTE OF ENGINEERING FOR WOMEN,1,0,1
JPNE - JAYA PRAKASH NARAYAN COLLEGE OF ENGINEERING,63,6,57
IIT KANPUR,1,0,1
SANKETIKA VIDYA PARISHAD ENGENEERING COLLEGE,1,0,1
SIR PADAMPAT SINGHANIA UNIVERSITY,1,0,1
VIJAY RURAL ENGINEERING COLLEGE,7,3,4
"VISHNU INSTITUTE OF TECHNOLOGY, BHIMAVARAM",2,1,1
G PULLAIAH COLLEGE OF ENGINEERING AND TECHNOLOGY,8,1,7
SRI HARSHINI DEGREE COLLEGE,1,0,1
UNIVERSITY OF CINCINNATI,1,1,0
KITS - KAKATIYA INSTITUTE OF TECHNOLOGY AND SCI,64,21,43
SAMHITHA DEGREE COLLEGE,1,0,1
SRI VENKATESWARA UNIVERSITY,3,1,2
IIT MADRAS,8,3,5
SWARANDHRA COLLEGE OF ENGINEERING AND TECHNOLOGY,3,0,3
SAINT LOUIS UNIVERSITY,2,0,2
LAKIREDDY BALI REDDY COLLEGE OF ENGINEERING,12,5,7
SRM UNIVERSITY AP,21,5,16
VELTECH UNIVERSITY,3,0,3
LOVELY PROFFESSIONAL UNIVERSITY,1,0,1
UNIVERSITY OF VISVESVARAYA COLLEGE OF ENGINEERING,1,1,0
SVIT - SWAMI VIVEKANANDA INST OF TECHNOLOGY,24,5,19
BOSE - ANU BOSE INSTT OF TECHNOLOGY,31,5,26
VIRGINIA UNIVERSITY SCIENCE AND TECHNOLOGY,1,0,1
TSWRDC MAHENDRAHILLS AFFILIATED WITH OSMANIA UNIVERSITY,1,0,1
VASIREDDY VENKATADRI INSTITUTE OF TECHNOLOGY,31,11,20
NORTHEASTERN UNIVERSITY,2,1,1
KKR & KSR INSTITUTE OF TECHNOLOGY AND SCIENCES,3,0,3
SHRI VISHNU ENGINERING COLLEGE FOR WOMEN,1,0,1
"OSMANIA DEGREE COLLEGE, KURNOOL",1,1,0
K L UNIVERSITY,9,2,7
VEL TECH UNIVERSITY,7,2,5
MERCEDES BENZ,1,1,0
SPEC - ST PETERS ENGINEERING COLLEGE (AUTONOMOUS),115,42,73
SEA COLLEGE OF ENGINEERING AND TECHNOLOGY,1,0,1
TEXAS A&M,1,0,1
BENNETT UNIVERSITY,10,4,6
SREE VIDYANIKETHAN ENGINEERING COLLEGE,7,2,5
PUDUCHERRY TECHNOLOGICAL UNIVERSITY,2,2,0
MIRACLE SOFTWARE SYSTEMS,1,0,1
GIET COLLEGE OF ENGINEERING,3,0,3
"UNIVERSITY OF NORTH TEXAS,DENTON",1,0,1
NATIONAL INSTITUTE OF TECHNOLOGY DURGAPUR,2,2,0
VIT-AP,8,2,6
RISHIHOOD UNIVERSITY,1,1,0
"VELLORE INSTITUTE OF TECHNOLOGY, VELLORE",5,2,3
SRKR ENGINEERING COLLEGE,12,6,6
OUTLIER,1,0,1
"APS COLLEGE OF ENGINEERING (VTU), KARNATAKA",1,0,1
SATHYABAMA INSTITUTE OF SCIENCE AND TECHNOLOGY,10,3,7
DR MGR EDUCATIONAL AND RESEARCH INSTITUTE,3,1,2
UNITY DEGREE COLLEGE,1,0,1
HEXAWARE TECHNOLOGIES,1,0,1
SRI CHANDRASEKHARENDRA SARASWATHI VISWA MAHAVIDYALAYA,1,0,1
ADAMS ENGINEERING COLLEGE,1,0,1
COVESTRO AG,1,0,1
NCI,1,1,0
UNIVERSITY OF NEWHAVEN,1,0,1
SIMON FRASER UNIVERSITY,1,0,1
"CALIFORNIA STATE UNIVERSITY, FRESNO",1,0,1
JOGI - JOGINPALLY B R ENGINEERING COLLEGE,38,14,24
KAKATIYA UNIVERSITY,6,4,2
NREC - NALLAMALLA REDDY ENGINEERING COLLEGE (AUTONOMOUS),110,25,85
GITAM VISAKHAPATNAM,2,1,1
INDIAN INSTITUTE OF INFORMATION TECHNOLOGY DHARWAD,6,3,3
PRIST DEEMED UNIVERSITY,1,1,0
BANKATLAL BADRUKA COLLEGE FOR INFORMATION AND TECHNOLOGY,1,1,0
RMD ENGINEERING COLLEGE,2,1,1
SRM UNIVERSITY-AP.,1,0,1
S R UNIVERSITY,1,0,1
VJYA - VIJAYA ENGINEERING COLLEGE,30,6,24
"INTERNATIONAL INSTITUTE OF INFORMATION TECHNOLOGY, BANGALORE",1,0,1
RAJIV GANDHI UNIVERSITY OF KNOWLEDGE TECHNOLOGIES,30,20,10
VGWL - VAGDEVI ENGINEERING COLLEGE,177,46,131
IIIT SRI CITY,4,3,1
SANSKRITHI SCHOOL OF ENGINEERING,2,1,1
ST JOSEPH'S DEGREE COLLEGE,1,1,0
METH - METHODIST COLLEGE OF ENGINEERING AND TECHNOLOGY (AUTONOMOUS),59,41,18
KLH UNIVERSITY,1,1,0
ABHINAV BALAJI,1,0,1
OMEGA BUSINESS SCHOOL,1,0,1
NAIMISA PHYSIOTHERAPY,1,0,1
SRM AP UNIVERSITY,1,0,1
DMSSVH COLLEGE OF ENGINEERING MACHILIPATNAM AFFLIATED TO JNTUK,5,3,2
NBKRIST,1,0,1
VGNT - VIGNAN INSTITUTE OF TECHNOLOGY AND SCI,103,34,69
CHTN - SREE CHAITANYA COLLEGE OF ENGINEERING,2,0,2
ADARSH COLLEGE OF ENGINEERING,1,1,0
SHRI VISHNU ENGINEERING COLLEGE FOR WOMEN,21,11,10
MALAVIYA NATIONAL INSTITUTE OF TECHNOLOGY JAIPUR,1,0,1
IARE - INSTITUTE OF AERONAUTICAL ENGINEERING,228,87,141
VELLORE INSTITUTE OF TECHNOLOGY CHENNAI,2,1,1
APARAJITHA SOFTWARE SERVICES LIMITED,1,0,1
UNIVERSITY OF BRISTOL,1,1,0
GAYATRI VIDYA PARISAD COLLEGE OF ENGINEERING FOR WOMEN,5,0,5
AMAZON,1,0,1
ST ANN'S COLLEGE OF ENGINEERING AND TECHNOLOGY,7,1,6
UNIVERSITY OF CONNECTICUT,1,0,1
JMTS - JYOTHISHMATHI INSTITUTE OF TECHNOLOGY AND SCI,6,1,5
SRI VENKATESWARA COLLEGE OF ENGINEERING KADAPA,1,0,1
INDIAN INTITUTE OF TECHNOLOGY MANDI,1,1,0
"DIET, GANGURU",1,0,1
SISG - SIDDHARTHA INSTT OF TECHNOLOGY AND SCIENCES,12,7,5
VIGNAN FOUNDATION FOR SCIENCE TECHNOLOGY AND RESEARCH,1,0,1
ACCENTURE,4,0,4
NIT WARANGAL,3,1,2
VIT VELLORE,2,0,2
VIT AP,6,3,3
MVGR COLLEGE OF ENGINEERING,48,20,28
DAYANANDA SAGAR COLLEGE OF ENGINEERING COLLEGE,1,0,1
VELLORE INSTITUTE OF TECHNOLOGY- AP,1,0,1
AMITY UNIVERSITY,3,1,2
SRMAP,1,0,1
"BVC COLLEGE OF ENGINEERING, PALACHARLA",3,0,3
"MAYNOOTH UNIVERSITY, IRELAND",1,0,1
CAPGEMINI,3,0,3
ST MARY'S GROUP OF INSTITUTIONS GUNTUR,1,1,0
RAVINDRA COLLEGE OF ENGINEERING FOR WOMEN,1,0,1
SRI KAALAHASTISWARA INSTITUTE OF INFORMATION AND MANAGEMENT SCIENCES,1,0,1
AEROSTAR ENGINEERING,1,0,1
AURG - AURORAS SCIENTIFIC AND TECHNOLOGICAL INSTITUTE,3,1,2
SASTRA UNIVERSITY,4,1,3
PSCMR,1,1,0
UNIVERSITY OF ILLINOIS URBANA CHAMPAIGN,1,0,1
UNIVERSITY OF BRIDGEPORT,4,0,4
GOVERNMENT COLLEGE AUTONOMOUS RAJAHMUNDRY,1,1,0
KNRR - KASIREDDY NARAYANAREDDY COLL ENGG RES,8,1,7
RAMACHANDRA COLLEGE OF ENGINEERING,12,3,9
ANGLIA RUSKIN UNIVERSITY,1,0,1
QUEEN MARY UNIVERSITY OF LONDON ( GRADUATE ),1,0,1
VIGNANS INSTITUTE OF INFORMATION TECHNOLOGY (A),1,0,1
KENT STATE UNIVERSITY,1,0,1
RAJIV GANDHI UNIVERSITY KF KNOWLEDGR AND TECHNOLOGY,1,0,1
MALINENI LAKSHMAIAH WOMEN'S ENGINEERING COLLGE,1,1,0
VELAGAPUDI RAMAKRISHNA SIDDHARTHA ENGINEERING,1,1,0
VISHNU INSTITUTE OF TECHNOLOGY,13,1,12
MREW - MALLA REDDY COLLEGE OF ENGINEERING FOR WOMEN,23,12,11
VIGNAN UNIVERSITY,2,1,1
RAJIV GANDHI UNIVERSITY OF KNOWLEDGE AND TECHNOLOGY BASAR,1,0,1
CHAITANYA INSTITUTE OF TECHNOLOGY AND SCIENCE,1,0,1
NIT ANDHRA PRADESH,4,3,1
SATHYABAMA,1,0,1
PALAR AGRICULTURAL COLLEGE,1,0,1
VELAGAPUDI RAMAKRISHNA SIDDHARTHA ENGINEERING COLLAGE,1,0,1
SIR C R REDDY ENGINEERING COLLEGE OF ENGINEERING,1,1,0
EADA BUSINESS SCHOOL,1,1,0
UNH,1,0,1
VIT,3,1,2
R.V.R & J.C. COLLEGE OF ENGINEERING,1,1,0
TELANGANA MAHILA UNIVERSITY,1,1,0
SIR C.R.REDDY COLLEGE OF ENGINEERING ELURU,1,1,0
UNIVERSITY OF TEXAS AT DALLAS,2,0,2
SVES - SRI VENKATESWARA ENGINEERING COLLEGE,10,2,8
INDIAN INSTITUTE OF INFORMATION TECHNOLOGY NAGPUR,2,0,2
PALV - PALLAVI ENGINEERING COLLEGE,132,24,108
PVP SIDDHARTHA INSTITUTE OF TECHNOLOGY,2,1,1
JNTM - JNTU COLLEGE OF ENGG MANTHANI,9,3,6
INDIAN INSTITUTE OF INFORMATION TECHNOLOGY BHAGALPUR,1,0,1
DVR AND DR HS MIC COLLAGE OF TECHNOLOGY,5,1,4
THE ICFAI UNIVERSITY RAIPUR,1,1,0
SRI VENKATESHWARA COLLEGE OF ENGINEERING,1,0,1
NAGARJUNA UNIVERSITY UNIVERSITY CAMPUS GUNTUR,1,0,1
PVP SIDDHARTH INSTITUTE OF TECHNOLOGY,2,1,1
CHALAPATHI INSTITUTE OF ENGINEERING AND TECHNOLOGY,47,11,36
VASIREDDY VENKATADRI INSTITUTE OF TECHNOLOGY (VVIT),1,1,0
SRM INSTITUTE OF SCIENCE AND TECHNOLOGY,13,6,7
VBIT - VIGNAN BHARATI INSTITUTE OF TECHNOLOGY (AUTONOMOUS),150,82,68
ROBERT MORRIS UNIVERSITY,1,0,1
GIET UNIVERSITY,1,0,1
ASRITHAKROTHA@GMAIL.COM,1,0,1
NATIONAL INSTITUTE OF TECHNOLOGY MEGHALAYA,1,1,0
BONAM VENKATA CHALAMAYYA ENGINEERING COLLEGE,9,5,4
VIGNAN'S INSTITUTE OF ENGINEERING FOR WOMEN,1,0,1
C R RAO AIMSCS,1,0,1
JEPPIAAR INSTITUTE OF TECHNOLOGY,1,1,0
KLUNIVERSITY,5,0,5
RMK COLLEGE OF ENGINEERING AND TECHNOLOGY,1,1,0
GEORGE MASON UNIVERSITY,1,0,1
DIABSOLUT,1,1,0
VELLORE INSTITUTE OF TECHNOLOGY AMARAVATI,1,1,0
TCS,2,1,1
ANRK - ANURAG ENGINEERING COLLGE,40,5,35
OKLAHOMA STATE UNIVERSITY,2,0,2
KAKINADA INSTITUTE OF ENGINEERING AND TECHNOLOGY,39,9,30
WUST,1,0,1
VIGNANA JYOTHI INSTUTITE OF ARTS AND SCIENCE,1,0,1
STUDENT,11,2,9
SRU UNVERISY,1,0,1
IIIT VADODARA INTERNATIONAL CAMPUS DIU,1,0,1
GURUKUL KANGRI UNIVERSITY,1,0,1
SNTI - SCIENT INSTITUTE OF TECHNOLOGY,7,2,5
NBKR INSTITUTE OF SCIENCE AND TECHNOLOY,1,1,0
SUVEGA TECHNOLOGIES PVT LTD,1,0,1
"UNIVERSITY OF MARYLAND, BALTIMORE COUNTY",1,0,1
ACHARYA NAGARJUNA UNIVERSITY,7,2,5
UNIVERSITY OF FINDLAY,1,0,1
GAYATRI VIDYA PARISAD COLLEGE OF ENGINEERING,6,3,3
KALLAM HARANADHAREDDY INSTITUTE OF TECHNOLOGY,1,0,1
COMMUNITY DREAMS FOUNDATION,1,0,1
LENDI INSTITUTE OF ENGINEERING AND TECHNOLOGY,7,0,7
SRI CHAITANYA INSTITUTE OF TECHNOLOGY SCIENCES,1,0,1
VELLORE INSITUTE OF TECHNOLOGY,1,1,0
SACRED HEART UNIVERSITY,2,1,1
AVNI - AVN INST OF ENGG TECHNOLOGY,8,2,6
ANNAMACHARYA UNIVERSITY,4,0,4
SRI KRISHNA DEVARAYA COLLEGE OF ENGINEERING AND TECHNOLOGY,1,0,1
PRIW - PRIYADARSHINI INSTITUTE OF SCIENCE & TECHNOLOGY FOR WOMEN,4,1,3
CARNEGIE MELLON UNIVERSITY AFRICA,1,0,1
ACEG - A C E ENGINEERING COLLEGE (AUTONOMOUS),121,79,42
UNIVERSITY OF MISSOURI,1,0,1
RV UNIVERSITY,2,2,0
POTTI SRIRAMULU CHALVADI MALLIKARJUNA RAO COLLEGE OF ENGINEERING AND TECHNOLOGY,1,0,1
SS&C,1,0,1
SIVA SIVANI INSTITUTE OF MANAGEMENT,1,0,1
INSTAGRAM,1,0,1
"UNIVERSITY OF BEDFORDSHIRE, UNITED KINGDOM",1,0,1
NAPIER HEALTH CARE,1,0,1
ANDHRA LOYOLA COLLEGE,2,0,2
NATIONAL INSTITUTE OF TECHNOLOGY SURATHKAL,1,0,1
ILLINOIS INSTITUTE OF TECHNOLOGY,3,0,3
GARDEN CITY UNIVERSITY,1,1,0
SRINIVASA INSTITUTE OF ENGINEERING AND TECHNOLOGY,25,2,23
NIAT,2,0,2
OLD BRIDGE HIGH SCHOOL,1,0,1
RAJIV GANDHI UNIVERSITY OF KNOWLEDGE AND TECHNOLOGY RK VALLEY,2,1,1
ST. ANN'S COLLEGE OF ENGINEERING AND TECHNOLOGY,4,2,2
SRKR BHIMAVARAM,1,0,1
PONNAIYAH RAMAJAYAM INSTITUTE OF SCIENCE AND TECHNOLOGY,1,1,0
LAKIREDDYBALIREDDY COLLEGE OF ENGINEERING,1,0,1
ESWAR COLLEGE OF ENGINEERING,1,0,1
IIIT SRIKAKULAM,1,1,0
MRET - MALLAREDDY INST OF ENGG AND TECHNOLOGY,8,4,4
VASIREDDY VENKTADRI INSTITUTE OF TECHNOLOGY,1,0,1
SASI INSTITUTE OF TECHNOLOGY AND ENGINEERING,6,2,4
INKPROG TECHNOLOGIES,1,0,1
MISSOURI UNIVERSITY OF SCIENCE AND TECHNOLOGY,1,0,1
IVY (ENTAIN PLC),1,0,1
VIGANA DEGREE COLLEGE,1,0,1
MASTERJI DEGREE AND PG COLLEGE,1,1,0
P.S.V COLLEGE OF ENGINEERING AND TECHNOLOGY,1,0,1
UNIVERSITY COLLEGE OF ENGINEERING AND TECHNOLOGY FOR WOMEN(KAKATIYA UNIVERSITY),1,1,0
"UNIVERSITY COLLEGE OF ENGINEERING AND TECHNOLOGY MAHATMA GANDHI UNIVERSITY, NALGONDA",1,1,0
VIGNAN DEGREE AND PG COLLEGE,1,0,1
"B.V.RAJU COLLEGE, BHIMAVARAM",1,0,1
SIR CR REDDY COLLEGE OF ENGINEERING,5,1,4
LENDI INSTITUE OF ENGINEERING AND TECHNOLOGY,1,0,1
ANNAMACHARYA INSTITUTE OF TECHNOLOGY AND SCIENCE RAJAMPET,10,4,6
SRI VENKATESWARA COLLEGE OF ENGINEERING AND TECHNOLOGY,2,1,1
GAYATRI VIDYA PARISAD COLLEGE FOR DEGREE AND PG COURSES,4,2,2
ASPIRING ENTREPRENEUR,1,0,1
VIGNANA INSTITUTE OF INFORMATION TECHNOLOGY,1,0,1
"CHRIST UNIVERSITY,BANGALORE",9,3,6
BHARATH UNIVERSITY,2,0,2
ACT FIBERNET,1,1,0
VIGNAN INSTITUTE OF MANAGEMENT AND TECHNOLOGY FOR WOMEN,1,0,1
VIGNAN INSTIUTE OF INFORMATION TECHNOLOGY,1,0,1
AIAT,1,0,1
LITTLE FLOWERS DEGREE COLLEGE,1,0,1
SANA ENGINEERING COLLEGE,1,1,0
SHRI MADHWA VADIRAJA INSTITUTE OF TECHNOLOGY & MANAGEMENT (SMVITM),1,1,0
FERGUSON CENTRE FOR HIGHER LEARNING,1,1,0
H MEDIA NETWORKS INDIA PVT LTD,1,0,1
MOTHER THERESA DEGREE COLLEGE,1,1,0
BALLARI INSTITUTE OF TECHNOLOGY AND MANAGEMENT,2,2,0
"UNIVERSITY COLLEGE OF SCIENCE, SAIFABAD",1,0,1
VVKN - VIVEKANANDA INSTT OF TECH AND SCI BOMMAKAL,1,0,1
BRIL - BRILLIANT INSTT OF ENGG AND TECHNOLOGY,3,0,3
VELLORE INSTITUTION OF TECHNOLOGY,2,0,2
INFOSYS,2,0,2
BRIG - BRILLIANT GRAMMER SCHOOL EDNL SOC GRP OF INSTNS,2,0,2
NATIONAL INSTITUTE OF TECHNOLOGY ANDHRA PRADESH,9,4,5
GENPACT PVT LTD,1,0,1
NATIONAL COLLEGE OF IRELAND,2,0,2
SHIV NADAR UNIVERSITY CHENNAI,2,0,2
FLORIDA ATLANTIC UNIVERSITY,1,0,1
S J C INSTITUTE OF TECHNOLOGY,1,0,1
SANTHIRAM ENGINEERING COLLEGE,3,0,3
MADANAPALLE INSTITUTION OF TECHNOLOGY AND SCIENCES,2,0,2
VIKAS COLLEGE OF ENGINEERING AND TECHNOLOGY,4,0,4
ST JOSEPH'S DEGREE AND PG COLLEGE,1,0,1
MURRAY STATE UNIVERSITY,1,1,0
BRADLEY UNIVERSITY,1,0,1
HUMANA,1,0,1
ADITYA UNIVERSITY,4,4,0
CHICAGO STATE UNIVERSITY,1,1,0
"RAJIV GANDHI UNIVERSITY OF KNOWLEDGE TECHNOLOGIES,RK VALLEY",1,1,0
"SAHYADRI COLLEGE OF ENGINEERING AND MANAGEMENT, MANGALORE",1,0,1
GITAM BANGALORE,3,0,3
TIRUMALA ENGINEERING COLLEGE,7,3,4
MLTM - MALLA REDDY INSTITUTE OF TECHNOLOGY,4,3,1
MADANAPALLI INSTITUTE OF TECHNOLOGY AND SCIENCE,1,0,1
EXPERIAN,1,0,1
SRI VENKATESWARA UNIVERSITY TIRUPATI,1,0,1
SREENIVASA INSTITUTE OF TECHNOLOGY AND MANAGEMENT STUDIES,2,0,2
GNTW - G NARAYNAMMA INSTITUTE OF TECHNOLOGY AND SCI,174,77,97
SAILS SOFTWARE SOLUTIONS,1,0,1
CENTRAL UNIVERSITY OF KARNATAKA,2,1,1
VIKAS GROUP OF INSTITUTIONS,1,1,0
IIITDM KANCHEEPURAM,2,0,2
UCD,1,0,1
LAKKIREDDY BALIREDDY COLLEGE OF ENGINEERING,1,0,1
RAJIV GANDHI UNIVERSITY OF KNOWLEDGE AND TECHNOLOGY,3,2,1
VTU BELGAUM,1,0,1
RGUKT BASAR,32,14,18
AVIH - AVANTHI INST OF ENGG AND TECHNOLOGY,17,12,5
KRISHNA UNIVERSITY MACHILIPATNAM,1,0,1
KRISHNA UNIVERSITY COLLEGE OF ENGINEERING AND TECHNOLOGY,2,1,1
KRISHNA UNIVERSITY,5,3,2
COVENTRY UNIVERSITY,1,0,1
"RAJIV GANDHI UNIVERSITY OF KNOWLEDGE TECHNOLOGIES, IIIT BASAR",1,1,0
JKC COLLEGE GUNTUR,1,0,1
RAJIV GANDHI UNIVERSITY OF KNOWLEDGE TECHNOLOGIES BASAR,25,14,11
"RAJIV GANDHI UNIVERSITY OF KNOWLEDGE TECHNOLOGIES,BASAR",8,7,1
SOCIAL PRACHER,1,0,1
ADITYA DEGREE COLLEGE,9,1,8
IFHE HYDERABAD,224,154,70
VISVESWARAYA TECHNOLOGICAL UNIVERSITY BELAGAVI,1,0,1
WIPRO,1,0,1
TORRENS UNIVERSITY,1,1,0
UNIVERSITY OF NORTH CAROLINA AT GREENSBORO,1,0,1
"EX AMAZON, WIPRO, HSBC",1,0,1
"NATIONAL INSTITUTE OF TECHNOLOGY , DURGAPUR",1,1,0
MREM - MALLA REDDY ENGINEERING COLLEGE AND MANAGEMENT SCIENCES,25,7,18
MASTERS GRADUATE,1,0,1
UNIVERSITY OF NEW HAVEN,4,0,4
QIS COLLEGE OF ENGINEERING AND TECHNOLOGY,7,3,4
CGI,1,0,1
NIT DELHI,1,0,1
.,1,0,1
MHVR - MAHAVEER INSTITUTE OF SCI AND TECHNOLOGY,3,1,2
JNTUGV COLLEGE OF ENGINEERING VIZIANAGARAM,7,2,5
S.V.DEGREE COLLEGE,1,1,0
CHHS,1,0,1
SRI VASAVI GMR DEGREE COLLEGE,1,0,1
MALLAREDY COLLEGE,1,0,1
VASIREDDY VENKATDRI INSTITUTE TECHNOLOGY,1,0,1
EY,1,0,1
SRK INSTITUTE OF TECHNOLOGY,2,1,1
VFX INDUSTRY,1,0,1
BBCIT,1,0,1
BRN INFO TECH,1,0,1
SAGI RAMA KRISHNAM RAJU ENGINEERING COLLEGE,3,1,2
LAKKIREDDY BALI REDDY COLLEGE OF ENGINEERING,1,0,1
BVRW - BVRIT COLLEGE OF ENGINEERING FOR WOMEN,475,216,259
MINDLER,1,0,1
MYBIZZERP,1,0,1
SBIT - SWARNA BHARATHI INSTITUTE OF SCI AND TECHNOLOGY,44,16,28
RAJIV GANDHI UNIVERSITY OF KNOWLEDGE TECHNOLOGIES - RKVALLEY,1,1,0
SRKREC,2,1,1
LOVELY PROFESSSIONAL UNIVERSITY,1,1,0
KAKINADA INSTITUTE OF TECHNOLOGICAL SCIENCES,2,2,0
ORACLE INDIA PVT LTD,1,0,1
"RAJIV GANDHI UNIVERSITY OF KNOWLEDGE AND TECHNOOGIES, BASAR",1,1,0
"ASSAM UNIVERSITY, SILCHAR",1,1,0
INDIAN INSTITUTE OF INFORMATION TECHNOLOGY RANCHI,1,1,0
LAKKIREDDY BALIREDDY COLLEGE OF ENGINEERING AND TECHNOLOGY,1,1,0
MARYVILLE UNIVERSITY,1,0,1
NRI INSTITUTE OF TECHNOLOGY,9,1,8
BLEKINGE INSTITUTE OF TECHNOLOGY,1,1,0
RAMACHANDRA COLLEGE OF ENGINEERING VATLUR,1,0,1
NARASARAOPET ENGINEERING COLLEGA,1,0,1
BCBST,1,0,1
SAVEETHA INSTITUTION OF MEDICAL AND TECHNICAL SCIENCES,1,0,1
RAJEEV GANDHI MEMORIAL COLLEGE OF ENGINEERING,4,2,2
DR LANKAPALLI BULLAYYA COLLEGE OF ENGINEERING,1,1,0
CMR UNIVERSITY,1,0,1
SR&BGNR COLLEGE KHAMMAM,1,0,1
"RAJIV GANDHI UNIVERSITY OF KNOWLEDGE TECHNOLOGIES, BASAR",11,5,6
SASI INSTITUTE OF TECHNOLOGY AND ENGINERRING,1,1,0
"INSTITUTE OF INFORMATICS AND COMMUNICATION, UNIVERSITY OF DELHI",1,0,1
SILVER OAKS INTERNATIONAL SCHOOL,1,0,1
Q2 SOFTWARE,1,0,1
"ACHARYA INSTITUTE OF TECHNOLOGY , BANGALORE",2,0,2
SIRCRREDDY COLLEGE OF ENGINEERING,1,0,1
SASI INTSITUTE OF TECHNOLOGY AND ENGINEERING,1,0,1
NAGA IT SOLUTIONS LTD,1,0,1
MANIPAL INSTITUTE OF TECHNOLOGY,5,3,2
"CHANAKYA UNIVERSITY, BENGALURU",1,1,0
ANDERSON UNIVERSITY SOUTH CAROLINA USA,1,1,0
RVR&JC COLLEGE OF ENGINEERING,5,0,5
ACHARYA N G RANGA AGRICULTURAL UNIVERSITY,1,0,1
"LNMIIT, JAIPUR",1,0,1
"VELLORE INSTITUTE OF TECHNOLOGY, CHENNAI",2,1,1
TECHMAHINDRA,1,0,1
INDIAN INSTITUTE OF TECHNOLOGY INDORE,1,0,1
UNIVERSITY OF MISSOURI KANSAS CITY,1,0,1
WEBSTER UNIVERSITY,1,0,1
RGUKT - SRIKAKULAM,1,0,1
LAKIREDDY BALIREDDY COLLEGE OF ENGINEERING,5,4,1
GUDLAVALLERU ENGINEERING COLLEGE,3,1,2
10KINFO DATA SOLUTIONS,1,0,1
SRI INDU ENGINEERING AND TECHNOLOGY,1,0,1
SIR M VISVESVARAYA COLLGE OF ENGINEERING,1,0,1
SREE RAMA ENGINEERING COLLEGE,2,0,2
INDEPENDENT RESEARCHER,1,0,1
ST.MARY'S INTEGRATED CAMPUS HYDERABAD,1,0,1
MANAV RACHNA UNIVERSITY,3,1,2
MALINENI LAKSHMAIAH WOMEN'S ENGINEERING COLLEGE,1,0,1
SIDDHARTH EDUCATION ACADEMY GROUP OF INSTITUTIONS,1,0,1
HOUSEWIFE,1,0,1
UNIVERSITY OF HERTFORDSHIRE,1,0,1
NITHIN KUMAR KODIPYAKA,1,0,1
BVC INSTITUTE OF TECHNOLOGY AND SCIENCE AMALAPURAM,1,0,1
KBN PG CENTER,1,0,1
SRMIST,3,3,0
VEL TECH RANGARAJAN DR. SAGUNTHALA R&D INSTITUTE OF SCIENCE AND TECHNOLOGY,3,1,2
INSTITUTE OF PUBLIC ENTERPRISE,1,0,1
LAKI REDDY BALI REDDY COLLEGE OF ENGINEERING,2,2,0
AARM - AAR MAHAVEER ENGINEERING COLLEGE,36,6,30
APPLITECH TECHNOLOGIES,1,0,1
NRCM - NARSIMHAREDDY ENGINEERING COLLEGE (AUTONOMOUS),128,27,101
ADITYA DEGREE COLLEGE FOR WOMEN RAJAHMUNDRY,1,0,1
VIT CHENNAI,3,3,0
NATIONAL INSTITUTE OF TECHNOLOGY KARNATAKA,2,1,1
DIGITALOPS,1,0,1
"VELLORE INSTITUTE OF TECHNOLOGY,VELLORE",3,1,2
SASTRA DEEMED TO BE UNIVERSITY,2,0,2
UNIVERSITY OF ALABAMA AT BIRMINGHAM,1,1,0
NB SCIENCE &PG COLLEGE,1,1,0
NARASARAOPET ENGINEERING COLLEGE,2,0,2
UNIVERSITY OF OTTAWA,1,0,1
MASTERJI DEGREE COLLEGE,1,0,1
HCL IT,1,0,1
ATRIA INSTITUTE OF TECHNOLOGY,1,0,1
BRILLIO TECHNOLOGY,1,0,1
SJM INSTITUTE OF TECHNOLOGY,1,1,0
"SRI VENKATESWARA UNIVERSITY COLLEGE OF ENGINEERING, TIRUPATI",1,0,1
MOTK - MOTHER TERESA INSTITUTE OF SCI AND TECHNOLOGY,1,0,1
SDEW - SRIDEVI WOMENS ENGINEERING COLLEGE,96,15,81
SRINIVASA RAMANUJAN INSTITUTE OF TECHNOLOGY,3,1,2
KALASALINGAM UNIVERSITY,6,3,3
VIGNAN INSTITUE OF TECHNOLOGY AND SCIENCE,2,0,2
RUTGERS UNIVERSITY NEW BRUNSWICK,1,0,1
VELLORE INSTITUTE OF TECHNOLOGY ANDHRA PRADESH,1,1,0
ANNA UNIVERSITY,1,1,0
MARIS STELLA COLLEGE,1,0,1
TEXAS A&M UNIVERSITY,1,0,1
NO,2,1,1
EAST POINT COLLEGE OF ENGINEERING AND TECHNOLOGY,1,1,0
UNIVERSITY OF DELAWARE,1,0,1
CHTS - SREE CHAITANYA INST OF TECHNOLOGY SCIENCES,3,1,2
KONERU LAKSHMAIAH UNIVERSITY,1,0,1
R.V.R. & J.C. COLLEGE OF ENGINEERING,3,2,1
GEORGIA INSTITUTE OF TECHNOLOGY,1,0,1
JSSATE BANGLORE,3,2,1
ASCENCIA MALTA BUSINESS SCHOOL,1,0,1
TPCE - TALLA PADMAVATHI COLL OF ENGINEERING,47,11,36
"MANIPAL INSTITUTE OF TECHNOLOGY, MANIPAL",1,1,0
SAROJINI NAIDU VANITA MAHA VIDYALAYA,1,0,1
JSS COLLEGE FOR WOMEN CHAMARAJANAGAR,1,0,1
"NARAYANA ENGINEERING COLLEGE, NELLORE",2,0,2
FLORIDA INTERNATIONAL UNIVERSITY,1,0,1
NRIIT,1,1,0
SRI SAIRAM COLLEGE OF ENGINEERING,1,0,1
SRI SIVASUBRAMANIYA NADAR COLLEGE OF ENGINEERING,1,0,1
"INDIAN INSTITUTE OF ENGINEERING SCIENCE AND TECHNOLOGY, SHIBPUR",1,1,0
IITH,2,1,1
RAJARAJESWARI COLLEGE OF ENGINEERING,1,0,1
"KSSEM,VTU",1,0,1
ST MARY'S GROUP OF INSTITUTIONS HYDERABAD,1,0,1
"NATIONAL INSTITUTE OF TECHNOLOGY WARANGAL, NITW",1,0,1
INDIANA UNIVERSITY BLOOMINGTON,1,0,1
JCT COLLEGE OF ENGINEERING AND TECHNOLOGY,1,1,0
NIT ANDHRA,1,0,1
GGC,1,0,1
IIT KHARAGPUR,4,3,1
INDIAN INSTITUTE OF TECHNOLOGY KHARAGPUR,2,1,1
"NATIONAL INSTITUTE OF TECHNOLOGY, ANDHRA PRADESH",1,0,1
NATIONAL INSTITUTE OF TECHNOLOGY ANDHRAPRADESH,1,1,0
SWAMINARAYAN GURUKUL INTERNATIONAL SCHOOL,1,0,1
BAPATLA ENGINEERING COLLEGE,4,2,2
SNS COLLEGE OF ENGINEERING,1,0,1
LAKIREDDY BALIREDDY COLLEGE OF OF ENGINEERING,1,1,0
VEL TECH TECHNICAL UNIVERSITY,1,0,1
CHALAWADA RAMANAMMA ENGINEERING COLLEGE,1,0,1
NSRIT,3,0,3
JNTS - J N T U COLLEGE OF ENGINEERING SULTANPUR,10,3,7
BIZGAZE LIMITED,1,0,1
GOWRA AEROSPACE TECHNOLOGIES PRIVATE LIMITED,1,0,1
MJCT - M J COLLEGE OF ENGINEERING AND TECHNOLOGY,9,5,4
"VELLORE INSTITUTE OF TECHNOLOGY, AMARAVATI",1,1,0
NARAYANA ENGINEERING COLLEGE NELLORE,1,0,1
SOLERA INC,1,0,1
BYTE QODE DIGITALS PVT LTD,1,0,1
TECH OPTIMA PRIVATE LIMITED,1,1,0
MVGR COLLEGE OF ENGINEERING -VZM,1,0,1
ADITYA INSTITUTE OF TECHNOLOGY AND MANAGEMENT,1,0,1
DIVINCI INNOVATIVE SOLLUTIONS,1,0,1
QUIXY,1,1,0
RAJIV GANDHI UNIVERSITY OF KNOWLEDGE AND TECHNOLOGIES -NUZVID,1,1,0
"RAJIV GANDHI UNIVERSITY OF KNOWLEDGE TECHNOLOGIES, NUZVID",4,3,1
UNIVERSITY OF NORTH CAROLINA AT CHAPEL HILL,1,0,1
"VELLORE INSTITUTE OF TECHNOLOGY,CHENNAI",2,2,0
SAI RAJESWARI INSTITUTE OF TECHNOLOGY,2,0,2
AMITY UNIVERSITY MUMBAI,1,0,1
DIRECTV,1,0,1
UCLA,1,0,1
BUCHAPALLI VENKAYAMMA SUBBAREDDY ENGINEERING COLLEGE,1,0,1
9553277602,1,0,1
STUDENT AT RAJIV GANDHI UNIVERSITY OF KNOWLEDGE AND TECHNOLOGIES,1,0,1
SR.ENGINEERING COLLEGE,1,1,0
RAGHU ENGINEERING COLLEGE AFFILIATED BY JNTV,1,1,0
NIT JALANDHAR,1,0,1
MOODLAKATTE INSTITUTE OF TECHNOLOGY KUNDAPURA,1,0,1
BHARATIYA ENGINEERING SCIENCE AND TECHNOLOGY INNOVATION UNIVERSITY,1,1,0
BEST INNOVATION UNIVERSITY,1,0,1
A M REDDY MEMORIAL COLLEGE OF ENGINEERING &TECHNOLOGY,1,0,1
ANDHRA LOYOLA INSTITUTE OF ENGINEERING AND TECHNOLOGY,6,3,3
"VELAGAPUDI RAMAKRISHNA SIDDHARTHA ENGINEERING COLLEGE (VRSEC), VIJAYAWADA",1,0,1
NIT AP,1,1,0
ASCENDION ENGINEERING VT LTD,1,0,1
UNIVERSAL COLLEGE OF ENGINEERING AND TECHNOLOGY,2,0,2
PRIST UNIVERSITY,1,0,1
SASTRA DEEMED UNIVERSITY,4,3,1
VEL TECH RANGARAJAN DR.SAGUNTHALA R&D INSTITUTE OF SCIENCE AND TECHNOLOGY,3,0,3
"FLORIDA ATLANTIC UNIVERSITY, GURU NANAK INSTITUTIONS TECHNICAL CAMPUS",1,0,1
RGUKT RK VALLEY,3,1,2
DR PAULRAJ ENGINEERING COLLEGE,1,0,1
NORTH CAROLINA STATE UNIVERSITY,1,0,1
SRM,3,2,1
RAJIV GANDHI UNIVERSITY OF KNOWLEDGE AND TECHNOLOGIES(BASAR),1,0,1
CHADALAWADA RAMANAMMA ENGINEERING COLLEGE,3,1,2
UNIVERSITY OF LEICESTER,1,0,1
AURP - AURORAS TECHNOLOGICAL AND RESEARCH INSTITUTE,22,12,10
SRINIVAS UNIVERSITY COLLEGE OF ENGINEERING,1,1,0
SRM EASWARI ENGINEERING COLLEGE,1,1,0
A.S.N DEGREE COLLEGE,1,1,0
DRKI - D R K INSTITUTE OF SCI AND TECHNOLOGY,19,8,11
VIVIDMINDS,1,1,0
SELECTSYS,1,0,1
REVA UNIVERSITY,4,1,3
RAJIV GANDHI UNIVERSITY OF KNOWLEDGE TECHNOLOGIES NUZVID,4,1,3
DADI INSTITUTE OF ENGINEERING AND TECHNOLOGY,3,0,3
THARKA DIGITAL PVT LTD,1,0,1
"SRI VENKATESHWARA COLLEGE OF ENGINEERING, BENGALURU",1,0,1
OSMANI UNIVERSITY PG COLLEGE,1,0,1
INTERNATIONAL SCHOOL OF TECHNOLOGY AND SCIENCE FOR WOMEN,1,1,0
VIGNANA BHARATI INSTITUTE OF TECHNOLOGY,4,3,1
GO IT BUILDERS,1,0,1
"RAJIV GANDHI UNIVERSITY OF KNOWLEDGE AND TECHNOLOGY,BASAR",1,1,0
PBR VITS,1,0,1
AMRITA SAI INSTITUTE OF SCIENCE AND TECHNOLOGY,4,1,3
ISTS WOMEN'S ENGINEERING COLLEGE,1,1,0
"VIGNAN'S FOUNDATION FOR SCIENCE, TECHNOLOGY & RESEARCH IS A DEEMED UNIVERSITY IN THE GUNTUR DISTRICT IN ANDHRA PRADESH, INDIA.",1,0,1
"SRI VENKATESHWARA UNIVERSITY COLLEGE OF ENGINEERING, TIRUPATI",1,0,1
SRI CHAITANYA,1,0,1
R.V.R &JC COLLEGE OF ENGINEERING,1,1,0
RGUKT,1,1,0
CAMBRIDGE INSTITUTE OF TECHNOLOGY,1,1,0
NIMMA SECURITY PRIVATE LIMITED,1,0,1
EASWARI ENGINEERING COLLEGE,1,0,1
SAVEETHA UNIVERSITY,1,0,1
INDIAN INSTITUTE OF INFORMATION TECHNOLOGY ALLAHABAD,1,1,0
DAYANANDA SAGAR ACADEMY OF TECHNOLOGY AND MANAGEMENT,2,0,2
UNIVERSITY OF MICHIGAN-DEARBORN,1,0,1
CARGILL BUSINESS SERVICES,1,0,1
TEKEDGE SOLUTIONS,1,0,1
SRI DURGA MALLESWARA SIDDHARTHA MAHILA KALASALA,1,0,1
P.E.S COLLEGE OF ENGINEERING,1,0,1
GVR & S COLLEGE OF ENGINEERING AND TECHNOLOGY (AFF. JNTUK),1,0,1
VIRGINIA COMMONWEALTH UNIVERSITY,1,0,1
RAJIV GANDHI UNIVERSITY OF KNOWLEDGE AND TECHNOLOGIES RK VALLEY IIIT IDUPULAPAYA KADAPA,1,0,1
SATYA DEGREE & PG COLLEGE,1,1,0
"KL UNIVERSITY,VIJAYAWADA",1,1,0
"NATIONAL INSTITUTE OF TECHNOLOGY, SILCHAR",1,1,0
BVCITS,1,0,1
NXT WAVE,1,0,1
SANDIP UNIVERSITY NASHIK,1,0,1
POTTI SRI RAMULU CHALAVADI MALLIKARJUNA RAO COLLEGE OF ENGINEERING AND TECHNOLOGY,1,0,1
INTELLIOZ,1,0,1
WICHITA STATE UNIVERSITY,1,0,1
NEW JERSEY INSTITUTE OF TECHNOLOGY,1,0,1
WIPRO PRIVATE LIMITED,1,0,1
"GOVERNMENT POLYTECHNIC COLLEGE,PILLARIPATTU",1,0,1
AKASH TECH,1,0,1
NBKR INSTITUTE OF SCIENCE AND TECHNOLOGY,3,0,3
IIT TIRUPATI,1,0,1
UNIVERSITY OF GENEVA,1,0,1
MVRS ENGINEERING COLLEGE OF SCIENCE AND TECHNOLOGY,1,0,1
UNC CHARLOTTE,1,0,1
VIT AP UNIVERSITY,2,0,2
POWERTEL SOLUTIONS,1,0,1
"SVU, TIRUPATI",1,1,0
SAIS - SAI SPURTI INSTITUTE OF TECHNOLOGY,12,2,10
RGUKT NUZVID,3,2,1
"RAJIV GANDHI UNIVERSITY OF KNOWLEDGE TECHNOLOGIES,SRIKAKULAM",1,0,1
AITH - ANNAMACHARYA INST OF TECHNOLOGY AND SCI,4,3,1
VIGNESH INSTITUTE OF INFORMATION TECHNOLOGY,1,1,0
VELAGAPUDI RAMAKRISHNA SIDDARTHA ENGINEERING COLLEGE,2,1,1
VAGDEVI DEGREE COLLEGE,1,0,1
KONERU LAKSHMAIAH EDUCATION FOUNDATION,3,2,1
JAIN (DEEMED-TO-BE UNIVERSITY),1,1,0
RAMAIAH INSTITUTE OF TECHNOLOGY,1,0,1
SCALER,1,0,1
VELAGAPUDI RAMAKRISHNA SIDDHARTH ENGINEERING COLLEGE,1,0,1
DHANEKULA INSTITUTE OF ENGINEERING AND TECHNOLOGY,6,0,6
RGUKT ONGOLE,3,3,0
RAGHAVENDRA INSTITUTE OF PHARMACEUTICAL EDUCATION AND RESEARCH,1,0,1
CJIT - CHRISTU JYOTHI INSTITUTE OF TECHNOLOGY AND SCI,4,2,2
STUDY WORLD COLLEGE OF ENGINEERING,1,1,0
GOVERNMENT DEGREE COLLEGE KHAIRATABAD,3,0,3
R.M.D. ENGINEERING COLLEGE,1,0,1
COGNIZANT,3,0,3
SIR MVIT INSTITUTE OF TECHNOLOGY,1,0,1
VIT BHOPAL UNIVERSITY,3,1,2
MVJ COLLEGE OF ENGINEERING,1,1,0
NIMS UNIVERSITY,2,0,2
FREELANCE CONTENT WRITER,1,0,1
OSOS PVT LTD,1,0,1
ADHI COLLEGE OF ENGINEERING AND TECHNOLOGY,1,0,1
MMR INSTITUTE OF TECHNOLOGY,1,0,1
"INDIAN INSTITUTE OF TECHNOLOGY (BHU), VARANASI",1,0,1
SHIV NADAR INSTITUTE OF EMINENCE,1,0,1
CHADALAWADA RAMANAMMA ENGINEERING COLLEGE TIRUPATI,1,0,1
R. V. R & J. C COLLEGE OF ENGINEERING,2,2,0
ANANTHA LAKSHMI INSTITUTE OF TECHNOLOGY AND SCIENCES,1,0,1
IGNOU,1,0,1
UNIVERSITY OF FLORIDA,1,0,1
RAVI KISHORE VUJJENI,1,1,0
BIRLASOFT,1,0,1
TECH MAHINDRA,2,0,2
VISVODAYA ENGINEERING COLLEGE,1,0,1
KONERU LAKSHMAIAH UNIVERSITY HYDERABAD,1,0,1
IIIT RGUKT RKV,1,0,1
SVR COLLEGE OF MANAGEMENT STUDIES,1,0,1
IIITDM KURNOOL,1,0,1
TECHNO MAIN SALTLAKE,1,1,0
T-MOBILE,1,0,1
COMPANY,3,2,1
ASSAM KAZIRANGA UNIVERSITY,1,0,1
BML MUNJAL UNIVERSITY,1,0,1
EFICENS SYSTEMS,1,0,1
"VEL TECH UNIVERSITY, CHENNAI",1,0,1
VITAP,1,1,0
AMITY UNIVERSITY KOLKATA,1,0,1
SIMPLIFORGE CREATIONS,1,0,1
VMTW - VIGNANS INST OF MANAGEMENT AND TECH FOR WOMEN,13,4,9
"SRI VENKATESHWARA COLLEGE,BENGALORE",1,1,0
SAVEETHA ENGINEERING COLLEGE,1,0,1
SRMIST RMP,1,0,1
ST.JOHNS COLLEGE OF ENGINEERING AND TECHNOLOGY,3,0,3
ST. JOHNS COLLEGE OF ENGINEERING AND TECHNOLOGY,2,0,2
UNIVERSITY OF HOUSTON,1,0,1
SWECHA,2,1,1
SSR DEGREE COLLEGE,1,0,1
KRISTU JAYANTI COLLEGE,1,0,1
COMPUTER SCIENCE & ENGINEERING,1,0,1
SR COLLAGE,1,0,1
CHENNAI INSTITUTE OF TECHNOLOGY,2,2,0
VITS KARIMNAGAR,1,1,0
KONERU LAKSHMAIAH DEEMED TO BE UNIVERSITY,1,0,1
SREE VENKATESHWARA ENGINEERING COLLEGE,1,1,0
SRI SAIRAM INSTITUTE OF TECHNOLOGY,1,0,1
SIR.C.R.REDDY COLLEGE OF ENGINEERING,1,0,1
ST.ANN'S COLLEGE OF ENGINEERING AND TECHNOLOGY,6,3,3
JOHANNES KEPLER UNIVERSITY,1,0,1
FISERV,1,1,0
KRUSHNA UNIVERSITY,1,0,1
OZONETEL COMMUNICATION PVT. LTD.,1,0,1
"PRASAD V.POTLURI SIDDHARTHA INSTITUTE OF TECHNOLOGY, VIJAYAWADA",1,0,1
DB4CLOUD TECHNOLOGY PVT LTD,1,0,1
SATHYABAMA UNIVERSITY OF SCIENCE AND TECHNOLOGY,1,0,1
GRAPHIC ERA HILL UNIVERSITY,1,1,0
KKR & KSR INSTITUTE OF TECHNOLOGY & SCIENCES,1,1,0
TERI SCHOOL OF ADVANCED STUDIES,1,0,1
SIR CR REDDY COLLEGE OF ENGINNERING,1,0,1
BHARGAVI DADITHOTHA,1,0,1
MAHARAJ VIJAYARAM GAJAPATHI RAJ COLLEGE OF ENGINEERING,15,8,7
TARA GOVERNMENT DEGREE COLLEGE,1,0,1
"SRM INSTITUTE OF SCIENCE AND TECHNOLOGY, CHENNAI",1,1,0
RGM COLLEGE OF ENGINEERING AND Y,1,0,1
RAJEEV GANDHI MEMORIAL COLLEGE OF ENGINEERING AND TECHNOLOGY AUTONOMOUS,1,0,1
JNTR - JNTU COLLEGE OF ENGINEERING RAJANNA SIRCILLA,71,21,50
RGMCET,12,1,11
,27,10,17
JNTU COLLEGE OF ENGINNERING JAGITAL,25,15,10
RGM COLLEGE,1,1,0
RGM COLLAGE OF ENGINEERING AND TECHNOLOGY,1,0,1
NIMRA COLLEGE OF ENGINEERING AND TECHNOLOGY,10,4,6
KITW - KAKATIYA INST OF TECHNOLOGY SCI FOR WOMEN,36,7,29
SRINIVASA CHEYYRU,1,0,1
USMANIA UNIVERSITY,1,1,0
SRINIVASA INSTITUTE ENGINEERING AND TECHNOLOGY,1,0,1
RGMCET ENGINEERING,1,0,1
KLU,2,1,1
REKHA SAKIPALLI,1,0,1
M.V.S.R ENGINEERING COLLEGE,2,0,2
GD GOENKA UNIVERSITY,68,15,53
RGM COLLAGE OF ENGINEERING,1,0,1
SRINIVAS INSTITUTE OF ENGINEERING AND TECHNOLOGY,2,0,2
SRINIVASA INSTITUTE OF ENGINEERING TECHNOLOGY TECHNOLOGY,1,0,1
SRINIVASA ENGINEERING AND TECHNOLOGY,1,0,1
VIGANAN BHARATHI INSTITUTE OF TECHNOLOGY,1,1,0
VBEC - VIGNANA BHARATHI ENGINEERING COLLEGE,12,9,3
VAADGAVI ENGENEERING COLLEGE,1,0,1
VIGNANA BHARATHI INSTITUTION OF TECHNOLOGY,4,1,3
KLEF,1,1,0
NEAR POLMON COMPANY,1,1,0
VARDHMAAN COLLEGE OF ENGINEERING,1,0,1
MOTIONCUT,1,1,0
OU,7,2,5
VIT BHOPAL,1,0,1
RGM COLLEGE OF ENGINEERING,1,0,1
NAWB - NAWAB SHAH ALAM KHAN COLL OF ENGG AND TECH,40,12,28
NSAKCET,1,0,1
NIT - Warangal,1,0,1
"UNIVERSITY COLLEGE OF MANAGEMENT HYDERABAD, JNTUH",1,1,0
GOVERNMENT JUNIOR COLLEGE,1,0,1
SRINIVASA INSTITUTE OF ENGENEERING AND TECHNOLOGY,1,0,1
VIGANA BHARTI INSTITUTE OF TECHNOLOGY,1,1,0
BADDAM BALREDDY BUSINESS SCHOOL,1,0,1
BHAVANS VIVEKANANDA COLLEGE,1,1,0
STIDEVI WOMENâ€™S ENGINEERING COLLEGE,1,0,1
ST MARY'S ENGINEERING COLLEGE,16,1,15
VARDHMAN COLLEGE OF ENGINEERING,3,0,3
SRINIVASA INSTITUTE OF ENGINEERING AND TECHNOLEDGE,1,0,1
SIIET,1,0,1
SMCD - ST MARYS ENGINEERING COLLEGE,6,0,6
ST MARY'S ENGENEERING COLLEGE,2,1,1
ST .MARY'S ENGINNERING COLLEGE,1,0,1
ST.MARY'S ENGINEERING COLLEGE,3,1,2
ST.MARY'S ENGEENERING COLLEGE,1,0,1
RGM,1,0,1
ST. MARY'S GROUP OF INSTITUTION HYDERABAD,1,0,1
ST.MARRYS ENGINEERING COLLEGE,1,0,1
VAAGDEVIENGEERINGCOLLEGE,1,0,1
"CHHATRAPATI SHAHU JI MAHARAJ UNIVERSITY, KANPUR",1,1,0
ST.MARY ENGINEERING COLLEGE,1,0,1
INDUS UNIVERSITY,1,1,0
F. C. RODRIGUES INSTITUTE OF TECHNOLOGY,1,1,0
SRIW - SUMATHI REDDY INST OF TECHNOLOGY FOR WOMEN,5,1,4
ST MARYâ€™S ENGINEERING COLLAGE,1,0,1
KIIT UNIVERSITY,1,0,1
VAAGDEVI ENGENEERING COLLEGE,1,0,1
ITM SLS BARODA UNIVERSITY,1,1,0
M.V.S.R,1,0,1
KSR INSTITUTE FOR ENGINEERING AND TECHNOLOGY,2,0,2
"RAJIV GANDHI UNIVERSITY OF KNOWLEDGE TECHNOLOGIES , BASAR",3,2,1
MGHA - MEGHA INST OF ENGG AND TECHNOLOGY FOR WOMEN,2,2,0
OU UNIVERSITY,1,0,1
K.S.RIET,1,0,1
GURU TEGH BAHADUR 4TH CENTENARY ENGINEERING COLLEGE,1,0,1
INDIAN INSTITUTE OF TECHNOLOGY (INDIAN SCHOOL OF MINES )DHANBAD,1,1,0
KL UNIVERSITY AZIZNAGAR HYDERABAD,1,0,1
NALLA REDDY ENGINEERING COLLEGE,1,0,1
VIGNANA BARATHI INSTITUTE OF TECHNOLOGY,1,0,1
VIGANA BHARATHI INSTITUTION OF TECHNOLOGY,1,0,1
AL AMEEN ENGINEERING COLLEGE,1,0,1
ST MARY ENGINEERING COLLEGE,1,0,1
ST MARY'S COLLEGE,1,0,1
BHARATH INSTITUTE OF SCIENCE AND TECHNOLOGY,1,0,1
VIDHYA JYOTHI INSTITUTE OF TECHNOLOGY,6,2,4
VJIY,1,0,1
LITTLE FLOWER DEGREE COLLEGE,3,1,2
JSJSJE,1,0,1
KONNER LAKSHMAIAH UNIVERSITY,1,0,1
VIDHYA JYOTHI INSTITUTE OF TECHNOLOGY (COLLEGE),1,0,1
K S R COLLEGE FOR ENGINEERING AND TECHNOLOGY,1,0,1
SRINIVASA INSTITUTE OF ENGINEERING & TECHNOLO,1,0,1
GOLLA SAI KUMAR,1,0,1
VIDHYA JYOTI INSTITUTE OF TECHNOLOGY,1,0,1
MICROSOFT,1,0,1
v,1,1,0
GIOE,2,2,0
"SRI VENKATESWARA COLLEGE OF ENGINEERING,KADAPA",1,0,1
ADDANKI VAISHNAVI,1,0,1
CME COLLEGE OF ENGINEERING AND TECHNOLOGY,1,1,0
KONERU LAKSHMAIAH EDUCATION FOUNDATION BACHUPALLY,1,1,0
LIKHITHA JUJJUWARAPU,1,1,0
"GOVT POLYTECHNIC COLLEGE, MASAB TANK",1,0,1
E,1,0,1
YAMINI POTHANA,1,0,1
SANJEEV DEGREE COLLEGE,1,0,1
SR GEC,1,0,1
BANASTHALI VIDHYAPITH,1,1,0
SMSK - SAMSKRUTHI COLLEGE OF ENGG AND TECHNOLOGY,60,15,45
VIGNAN INSTITUTES OF TECHNOLOGY AND SCIENCE,1,0,1
ONLINE CHANDIGARH UNIVERSITY,1,0,1
TSWRDC W KARIMNAGAR,1,0,1
KORRA RAHUL,1,1,0
RAJEEV GANDHI MEMORIAL ENGINEERING COLLEGE,2,0,2
HYNDHAVI,1,0,1
ECE,1,0,1
EVERNORTH HEALTH SERVICES,1,0,1
DRKC - D R K COLLEGE OF ENGINEERING AND TECHNOLOGY,2,0,2
R,1,0,1
SRI CHAITANYA JR COLLEGE,2,0,2
RAJEEV GANDHI MEMORIAL INSTITUTE OF TECHNOLOGY AND ENGINEERING,1,1,0
MVGR,9,2,7
MAHARAJ VIJAYARAM GAJAPATHI RAJ COLLEGE OF ENGINEERING (AUTONOMOUS),3,0,3
MVGR COLLEGE,2,1,1
MAHARAJ VIJAYRAM GAJAPATHI RAJ COLLEGE OF ENGINEERING (A),1,1,0
RADHAKRISHNAMATTA5757@GMAIL.COM,1,1,0
M.V.G.R COLLEGE OF ENGINEERING,1,1,0
MVGR COLLEGE OF ENGINEERING (A),1,1,0
MAHARAJ VIJAY RAM GANAPATHI RAJ COLLEGE OF ENGINEERING,1,0,1
DAITA MADHUSUDANA SASTRY SRI VENKATESWARA HINDU COLLEGE OF ENGINEERING,5,0,5
ASHOKA WOMEN'S ENGINEERING COLLEGE,3,0,3
DONT HAVE SUCH,1,0,1
CRRAO INSTITUTE,1,0,1
SRINIVASA INSTITUTE OF ENGINEERING AND TECHNOLOGY CHEYYERU-AMALAPURAM,1,0,1
MVGR ENGINEERING COLLEGE,1,0,1
WESL - CSI WESLEY INST OF TECHNOLOGY AND SCIENCES,6,5,1
HERITAGE INSTITUTE OF TECHNOLOGY,1,1,0
UNIVERSITY COLLEGE OF SCIENCE,2,0,2
VIGNANA BHARTHI INSTITUTE OF TECHNOLOGY,3,2,1
NIMRA ENGINEERING AND TECHNOLOGY,1,1,0
LEARNING DESTINY,1,0,1
RAJEEV GHANDHI MEMORIAL COLLEGE OF ENGINEERING AND TECHNOLOGY,1,0,1
TEGALLA KRISHNA REDDY COLLEGE,1,1,0
"MAHARAJ VIJAYARAM GAJAPATHI RAJ COLLEGE OF ENGINEERING , VIZIANAGARAM",1,0,1
AUTONOMOUS,2,1,1
ALML,1,1,0
DR.HARI SINGH GOUR UNIVERSITY,1,0,1
NAZAR SHAH ALAM KHAN COLLEGE OF ENGINEERING AND TECHNOLOGY,1,0,1
"UNIVERSITY COLLEGE OF SCIENCES, SAIFABAD (OU)",2,0,2
UNIVERSITY COLLEGE OF SCIENCE SAIFABAD (OU),1,0,1
SMED - ST MARYS GROUP OF INSTITUTIONS,1,0,1
THEEGALA KRISHNA REDDY ENGINEERING COLLEGE,1,0,1
OSMANIA UNIVERSE,1,0,1
NAGARJUNA UNIVERSITY,1,0,1
"GOVERNMENT DEGREE COLLEGE OF WOMEN'S, BEGUMPET",1,0,1
CHATRAPATHI INSTITUTE OF TECHNOLOGY AND ENGINEERING,1,1,0
GANDHIJI INSTITUTE OF SCIENCE AND TECHNOLOGY,2,0,2
RGUKT IIIT NUZVID,1,1,0
RAJIV GANDHI INSTITUTE OF TECHNOLOGIES NUZVID,1,0,1
"RGUKT, NUZVID",1,1,0
NIT ROURKELA,1,0,1
CIET,2,0,2
NATIONAL INSTITUTE OF TECHNOLOGY DELHI,2,1,1
B TECH,3,0,3
SAGI RAMA KRISHNAM RAJU ENGINEERING AFFILIATED JNTUK,1,1,0
RGUKT NUZIVID,1,0,1
AURORA HIGHER EDUCATION AND RESEARCH ACADEMY,1,0,1
IIIT RGUKT NUZVID,1,0,1
"ANDHRA MAHILA SABHA ARTS AND SCIENCE COLLEGE, OSMANIA UNIVERSITY",1,1,0
UNIVERSITY,5,2,3
PRAGATHI DEGREE COLLEGE,2,1,1
AICTE AFFILIATED,1,0,1
GOVT MAHILA ENGINEERING COLLEGE AJMER,1,0,1
VIGNAN JYOTHI INSTITUTE OF ENGINEERING AND TECHNOLOGY,1,0,1
AKBAR PEERBHOY COLLEGE OF COMMERCE AND ECONOMICS,1,0,1
AL,1,0,1
SIET,1,0,1
SRINIVASA INSTITUTION OF ENGINEERING AND TECHNOLOGY,1,0,1
ST MARY'S ENGINEERING COLLEGE DESMUKI HYDERABAD,1,0,1
SIDDHARTHA DEGREE AND PG COLLEGE,1,1,0
VIGANA BHARATHI INSTITUTE OF TECHNOLOGY,3,1,2
VIGNANABHARATHI INSTITUTE OF TECHNOLOGY,1,0,1
VIGNANA BHARATHI INSTUTE OF TECHNOLOGY,1,0,1
UNIVERSITY COLLEGE OF SCIENCE (SAIFABAD),3,1,2
TCTK - TRINITY COLLEGE OF ENGINEERING AND TECHNOLOGY,21,7,14
INNOVAPATH IT SOLUTIONS,1,0,1
VIGNAN BHARTI INSTITUTE OF TECHNOLOGY,1,1,0
FRESHER,1,1,0
K.R.MANGALAM UNIVERSITY,1,0,1
ST.ANN'S COLLEGE OF ENGINEERING AND TECHNOLOGY CHIRALA,6,1,5
ST ANN'S ENGINEERING COLLEGE,1,0,1
APOLLO INSTITUTE OF AGRICULTURE AND RESEARCH,1,0,1
ST ANNS COLLEGE OF ENGINEERING AND TECHNOLOGY,1,1,0
ST. ANN'S COLLEGE OF ENGINEERING & TECHNOLOGY,2,0,2
MAHATMA GANDHI UNIVERSITY,7,1,6
UNIVERSITY COLLEGE OF ENGINEERING AND TECHNOLOGY,3,0,3
UNIVERSITY COLLEGE OF ENGINEERING AND TECHNOLOGY MAHATMA GANDHI UNIVERSITY,5,0,5
ST.ANNS COLLEGE OF ENGINEERING AND TECHNOLOGY,4,1,3
SACET STUDENT,1,0,1
UNIVERSITY COLLEGE OF ENGINEERING AND TECHNOLOGY MAHATMA GANDHI UNIVERSITY NALGONDA,2,1,1
"MAHATMA GANDHI UNIVERSITY, NALGONDA",4,1,3
UNIVERSITY COLLEGE OF ENGINEERING AND TECHNOLOGY MAHATAMA GANDHI UNIVERSITY,1,0,1
UNIVERSITY COLLEGE OF ENGINEERING AND TECHNOLOGY MAHATAMA GANDHI UNIVERSITY NALGONDA,1,0,1
JITS,1,0,1
MGUNSF - MGU COLLEGE OF ENGINEERING AND TECHNOLOGY,10,1,9
MAHATMA GANDHI UNIVERSITY NALGONDA,2,0,2
M.V.G.R. COLLEGE OF ENGINEERING,1,0,1
MAHATMA GANDHI UNIVERSITY NALGONDA TELANGANA,1,0,1
MAHARAJ VIJAYRAM GAJAPATHI RAJ COLLEGE,1,1,0
MAHATMA GANDHI UIVERSITY-NALGONDA,1,0,1
MVGRCE,2,1,1
MVGR COLLEGE OF ENGINEERING VIZIANAGARAM,1,0,1
MVGR COLLEGE OF ENGINEERING(A),1,0,1
JADAVPUR UNIVERSITY,1,0,1
M V G R COLLEGE OF ENGINEERING,1,1,0
BCRIT,1,0,1
MALINENI SUSEELAMMA WOMEN'S ENGINEERING,1,0,1
"NARAYANA ENGINEERING COLLEGE, GUDUR",1,1,0
SAI UNIVERSITY,1,0,1
VIGNAN INSTITUTE OF MANAGEMENT AND TECHNOLOGY FOR WOMEN KONDAPUR,1,0,1
MALLINENI SUSELAMMA WOMEN'S ENGINEERING COLLEGE,1,0,1
VIGNAN BHARTHI INSTITUTE OF TECHNOLOGY,1,0,1
"MAHARAJ VIJAYARAM GAJAPATI RAJ COLLEGE OF ENGINEERING,VIZIANAGARAM",1,1,0
NAAC,1,0,1
"JSS SCIENCE AND TECHNOLOGY UNIVERSITY, MYSURU",1,1,0
COGNICO,1,1,0
CENTRAL UNIVERSITY OF JAMMU,1,0,1
BABA INSTITUTE OF TECHNOLOGY AND SCIENCES,1,1,0
MPHASIS,1,0,1
NARASIMHA REDDY ENGINEERING COLLEGE,23,7,16
NARASIMHA REDDY ENGENEERING COLLEGE,1,0,1
NARASHIMA REDDY ENGINEERING COLLEGE,1,0,1
ST. JOSEPHS DEGREE & PG COLLEGE,1,1,0
ORGANIZATION,1,0,1
PERSPECTAI,1,0,1
VIGNANABHARATHI INSTITUTION OF TECHNOLOGY,1,1,0
NACC,1,0,1
NARASIMHAREDDY ENGINEERING COLLEGE,2,1,1
SIES GRADUATE SCHOOL OF TECHNOLOGY,1,1,0
PLAKSHA UNIVERSITY,1,0,1
UCET MAHATMA GANDHI UNIVERSITY,1,0,1
NARASIMHA REDDY ENGINERING COLLEGE,1,0,1
NARASIMHAREDDY ENGENEERING COLLEGE,1,0,1
SRI BALAJI UNIVERSITY PUNE,1,0,1
NARASIMHA REDDY ENGINEERING COLLEGES,1,0,1
"SCHOOL OF COMPUTER & INFORMATION SCIENCES, UNIVERSITY OF HYDERABAD.",1,1,0
"MVGR COLLEGE OF ENGINEERING CHINTALAVALASA, VIZIANAGARAM",1,0,1
OSMANIA,3,0,3
RVR & JC COLLEGE OF ENGINEERING,1,0,1
R.V.R & J. C COLLEGE OF ENGINEERING,1,0,1
VAAGDEVI DEGREE AND PG COLLEGE HANUMAKONDA,1,0,1
KL DEEMED TO BE UNIVERSITY,1,1,0
VIGNANâ€™S INSTITUTE OF MANAGEMENT AND TECHNOLOGY FOR WOMEN,1,0,1
ORABASE SOLUTIONS LLC,1,1,0
RESEARCH SCHOLAR OU,1,0,1
GOVERNMENT INSTITUTE OF ELECTRONICS,6,3,3
UNEMPLOYED,2,0,2
VIGNAN COLLAGE,1,0,1
VIGNAN INSTITUTE OF ENGINEERING AND TECHNOLOGY COLLEGE DHESHMUK,1,0,1
VIGNAN COLLEGE OF TECHNOLOGY AND SCIENCE,1,0,1
PRAGNYA DEGREE COLLEGE,1,0,1
PRAGATHI,1,0,1
INDIAN INSTITUTE OF INFORMATION TECHNOLOGY RAICHUR,1,1,0
INDIAN INSTITUTE OF TECHNOLOGY BOMBAY,1,1,0
VIGNAN'S INSTITUTE OF MANAGEMENT AND TECHNOLOGY FOR WOMEN,1,0,1
TRR COLLEGE OF TECHNOLOGY POLYTECHNIC,1,1,0
"SRINIVASA RAMANUJAN INSTITUTION OF TECHNOLOGY, BKS MANDAL,ANANTAPUR , ANDHRAPRADESH",1,0,1
SRINIVAS UNIVERSITY,1,1,0
GOVERNMENT POLYTECHNIC BUXAR,1,1,0
VIGYAN BHARATHI INSTITUTE OF TECHNOLOGY,1,0,1
JUST PASSED,1,0,1
PRODIGY SYSTEMS AND SERVICE PRIVATE LIMITED,1,0,1
Narasimha Reddy Engineering,1,1,0
IPS academy Indore RGPV affiliated,1,1,0
Indian institute of technology patna,1,1,0
Singareni collieries polytechnic,1,0,1
Nehru institute of engineering and technology,2,1,1
Srinivasa Ramanujan Institute of Technology,3,1,2
no affiliation,1,0,1
Vasireddy Venkatadri Institute of Technology,1,1,0
Sri Sairam Engineering College,1,0,1
VIGNANA BHARATHI INSTITUTE OF TECNOLOGY,1,0,1
ADIKAVI NANNAYYA UNIVERSITY,2,1,1
Sathyabama Institute of Science and Technology,1,1,0
"Rajiv Gandhi University of knowledge technologies, nuzvid, Andhrapradesh",1,1,0
Vemu Institute of Technology,1,1,0
VIAP,1,0,1
"Vellore Institute of technology, Amaravati",1,1,0
Jaipur National University,1,0,1
Algoleap Technologies Pvt Ltd,1,0,1
Terralogic software solutions Pvt Ltd,1,0,1
Pandit Deendayal Energy University,1,0,1
Simform,1,1,0
Pccoe,1,0,1
Vignana bharathi institution of technology,2,0,2
Techno International Newtown,1,0,1
IIIT HYDERABAD,4,1,3
Army Institute of Technology Pune,1,0,1
VignanaBharathi Institute Of Technology,1,0,1
ACME COLLEGE OF ARTS AND SCIENCE,3,0,3
Tala Padmavathi college of engineering (Autonomous ),1,1,0
AIMS DEGREE COLLEGE,5,0,5
Sanskriti school of engineering,1,1,0
KG college of arts and science,1,0,1
Bcom computers final year osmania university,1,0,1
"Rustamji Institute of Technology (BSF), Gwalior",1,1,0
St.Mary's college,1,0,1
St Mary's centenary degree College,1,0,1
Ushodaya degree college,1,0,1
st Mary's centenary degree college,1,0,1
MIT Manipal,1,0,1
raghu institute of techology,1,0,1
St. Mary's Centenary Degree College,1,0,1
St Paul's degree college,1,1,0
Nishitha Degree College,1,0,1
Nishitha degree and pg college,1,1,0
Nishitha pg college,1,1,0
Nishitha degree college,2,0,2
St Mary's Centenary Degree College,2,0,2
St Paul's degree & pg College,1,1,0
Omega,1,0,1
TCEK - TRINITY COLLEGE OF ENGINEERING AND TECHNOLOGY,16,6,10
KL University Hyderabad,1,0,1
MTEC - MOTHER THERESA COLLEGE OF ENGG AND TECHNOLOGY,40,10,30
KKR & KSR Institute of Technology and Sciences,1,0,1
Cbse School,1,0,1
Manipal Institute of Technology Bangalore,1,0,1
St. Josephâ€™s degree college,1,0,1
V.S.B Engineering College,1,0,1
St.,1,0,1
Maharishi University of information technology,1,1,0
Swarnaandhra College of Engineering and Technology,1,0,1
Wesley degree college for women,3,0,3
Thalla Padmavathi,1,0,1
Rishi ubr women's college,15,2,13
Rishi ubr women's degree College,2,0,2
pragati engineering college afflicted to Jawaharlal Nehru technological University Kakinada,1,0,1
St Mary's centenary Degree college,1,0,1
RISHI UBR WOMENS COLLEGE,5,3,2
ST. MARY'S CENTENARY DEGREE COLLEGE,1,0,1
Wesley degree and pg college for women,1,0,1
Wesley degree college,1,0,1
Rishi UBR Women's College,2,0,2
Rishi UBR women's college,10,0,10
St Mary's Engineering college,1,0,1
Rishi ubr women's degree college,3,0,3
PSG Polytechnic college,1,0,1
Rishi ubr womenâ€™s college,2,0,2
"Vellore institute of technology, chennai",1,0,1
Rishi uber women's college,2,0,2
Rishi ubr womens college,3,0,3
Vellore Institute of Technology,2,1,1
Rishi Ubr Womens degree college,1,1,0
Rishi ubr women's clg,1,1,0
Rishi UBR womens college,3,1,2
"Chaudhary Devi Lal University, Sirsa",1,1,0
Osmina university,1,0,1
Jawa,1,0,1
Spectrum institute of management and computer science,1,0,1
RITW - RISHI MS INST OF ENGG AND TECH FOR WOMEN,217,90,127
Rishi M.S.institute of Engineering and technology For women,1,1,0
Rishi womenâ€™s,1,0,1
Serole technologies,1,0,1
Kprit coe,1,1,0
Kprit,1,1,0
Kamal Pratap Reddy institution of technology,1,0,1
Banaras Hindu University,1,1,0
KPRIT,4,0,4
Gauhati University,2,0,2
VISWAM AI,1,1,0
St Paul's degree and pg college,1,1,0
Rishi ubr women college,1,0,1
Kaktiya Institute of science and technology for women,1,1,0
Rishi M.S institute of engineering and technology for women,1,1,0
RISHI UBR WOMEN'S COLLEGE,14,2,12
KUWL - KU COLLEGE OF ENGINEERING AND TECHNOLOGY - SELF FINANCE,2,1,1
Tesco,1,0,1
Rishi M.S Institute of Engineering and Technology for Women,1,1,0
Rishi UBR woman's college,1,0,1
Rishi ubr women's college B.COM,1,0,1
RISHI UBR women's college,1,0,1
Rishi UBR women's degree college,2,0,2
Rishi womenâ€™s degree college,2,2,0
Rishi women's degree college,1,1,0
Rishi ubr women degree College,1,0,1
Rishiubrwomenscollege,1,0,1
KLU - K L University,1,1,0
Sree venkateswara college of engineering,2,1,1
Rishi UBR women's College,1,0,1
RISHI UBR COLLEGE FOR WOMEN'S,1,0,1
RISHI UBR DEGREE WOMEN'S COLLEGE,1,0,1
RISHI UBR COLLEGE FOR WOMENS,1,0,1
NIT Karnataka,1,0,1
SRM institute of Science and Technology,1,0,1
Vellore institute of technology ap,1,0,1
S R M institute of science and technology,1,0,1
TKM College of Engineering,1,0,1
Psg institute of technology and applied research,1,0,1
Rishi UBR Women's college,1,0,1
Rishi ubr womens collage,1,0,1
mvgr college of engineering,1,1,0
Maharaj vijayaram gajapathi raj college of engineering,1,0,1
St Mary Degree College,1,0,1
UGC autonomous affiliated with JNTUH,1,0,1
MVGRCE- Maharaj Vijayaram Gajapathi Raj College of engineering,1,1,0
MVGR College of Engineering,1,0,1
Maharaj Vijayaram Gajapathi Raj College of Engineering (Autonomous),1,1,0
Maharaj Vijayaram Gajapathi Raj College of Engineering,1,0,1
MVGR college of engineering,1,1,0
maharaj vijayaram gajapathiraj college of engineering,1,1,0
Maharaj Vijayaram Gajapathi Raj college of Engineering,1,1,0
na,1,1,0
"MVGR College of Engineering, JNTUK Affiliated",1,0,1
VRSEC-Velagapudi Ramakrishna Siddartha Engineering College,1,0,1
Maharaj vijayaram gajapathi raj College of engineering,1,0,1
Rishi Ubr Women'S College,5,1,4
Rishi Ubr Women'S,2,0,2
Rishiubr Womens College,1,0,1
Rishi Ubr Women College,1,0,1
Rishi Ubr Womens College,3,0,3
Wesley Degree College For Wowen,1,0,1
R.V.R &J.C College Of Engineering,1,0,1
Maharaj Vijayaram Gajapathi Raj College Of Engineering (Autonomous),1,0,1
DCET - DECCAN COLLEGE OF ENGINEERING AND TECHNOLOGY,3,0,3
Nri Institute Of Technology,1,0,1
Driems University,1,0,1
R.V.R. & J.C.College Of Engineering,1,0,1
Rishi Ubr Women'S Degree College,1,0,1
SMIC - ST MARYS INTEGRATED CAMPUS,1,0,1
"Rajiv Gandhi University Of Knowledge Technologies, Srikakulam",1,0,1
Iit Dharwad,1,0,1
"Acharya Narendra Dev College, University Of Delhi",1,0,1
Rishiurwomensdegreecollege,1,0,1
Srm University,1,0,1
"Dr.A.P.J. Abdul Kalam Technical University, Lucknow",1,0,1
Shri Vishnu Engineering College For Womens Women,1,0,1
SASTRA,1,0,1
AVINASHILINGAM INSTITUTE FOR HOME SCIENCE AND HIGHER EDUCATION FOR WOMEN'S,1,1,0
"MGU, UNIVERSITY COLLEGE OF ENGINEERING AND TECHNOLOGY",2,2,0
"I.K GUJRAL PUNJAB TECHNICAL UNIVERSITY, KAPURTHALA",1,1,0
GUARDIAN INDIA,1,0,1
CHANDIGARH COLLEGE OF ENGINEERING,5,2,3
VELLORE INSTITUTE OF TECHNOLOGY-AP,1,0,1
INDIRA GANDHI DELHI TECHNICAL UNIVERSITY,1,0,1
KAKINADA INSTITUTE OF ENGINEERING AND TECHNOLOGY FOR WOMENS,12,5,7
VELLORE INSTITUTE OF TECHNOLOGY - AMRAVATI,1,0,1
SRIIT,1,1,0
SNIST- SREENIDHI INSTITUTE OF SCIENCE AND TEXHNOLOGY,1,0,1
NALLA MALLA REDDY ENGINEERING COLLEGE,1,0,1
KMCE- KESHAV MEMORIAL COLLEGE OF ENGINEERING,2,1,1
SWAMI VIVEKANAND INSTITUTE OF TECHNOLOGY,1,1,0
SRI Y N COLLEGE,1,1,0
RISHI UBR WOMEN'S DEGREE COLLEGE,1,0,1
SREE RAMACHANDRA DEGREE AND PG COLLEGE,1,0,1
MRU - MALLA REDDY UNIVERSITY,82,48,34
ROBERT BOSCH GLOBAL SOFTWARE,1,0,1
ST PETER'S ENGINEERING COLLEGE,4,2,2
TYNYBAY PRIVATE LIMITED,1,0,1
MLID- MARRI LAXMAN REDDY INST OF TECHNOLOGY AND MANAGEMENT (AUTONOMOUS),1,0,1
OSMANIA UNIVERSITY,3,0,3
KOMMURI PRATAP REDDY INSTITUTE,1,0,1
CMR COLLEGE OF ENGINEERING AND TECHNOLOGY,2,1,1
VIGNANA BHARATHI INSTITUTE OF TECHNOLOGY AUSHAPUR,1,0,1
KCEA - KSHATRIYA COLLEGE OF ENGINEERING,8,2,6
TKRC - T K R COLLEGE OF ENGG AND TECHNOLOGY (AUTONOMOUS),7,2,5
KSHATRIYA COLLEGE OF ENGINEERING,2,1,1
SAMSKRUTI COLLEGE OF ENGINEERING AND TECHNOLOGY,5,1,4
SRIDEVI WOMEN'S ENGINEERING COLLEGE,2,2,0
LFJC,1,0,1
RAGIV GANDHI UNIVERSITY OF KNOWLEDGE TECHNOLOGIES BASAR,1,1,0
NREC - NALLA MALLA REDDY ENGINEERING COLLEGE (AUTONOMOUS),4,3,1
SRI INDU COLLEGE OF ENGINNERING AND TECHNOLOGY,1,0,1
CMRN - CMR ENGG COLLEGE (AUTONOMOUS),15,7,8
ST. MARTIN'S ENGINEERING COLLEGE,2,1,1
UNIVERSITY OF HYDERABAD,1,1,0
SCET - SHADHAN COLL OF ENGINEERING AND TECHNOLOGY,1,1,0
RAJIV GANDHI UNIVERSITY OF KNOWLEDGE TECHNOLOGIES-BASAR,3,1,2
SNIST - SREENIDHI INSTITUTE OF SCI AND TECHNOLOGY,3,3,0
GCTC - GEETANJALI COLLEGE OF ENGG AND TECHNOLOGY (AUTONOMOUS),102,42,60
git,1,1,0
RVCE,1,1,0
ENGINEERING COLLEGE,1,0,1
UNIVERSITY OF BRIDEPORT,1,0,1
ST.PETERS ENGINEERING COLLEGE,2,2,0
VIEW- VIGNAN'S ISNTITUTE OF ENGINEERING FOR WOMEN,1,0,1
MLRITM,1,0,1
AUDI SANKAR COLLEGE OF ENGINEERING AND TECHNOLOGY,1,0,1
"SRI VENKATESWARA COLLEGE OF ENGINEERING, TIRUPATI",1,1,0
VARDHAMAN COLLEGE OF ENGINEERING,6,1,5
SREENIDHI INSTITUTE OF SCIENCE AND TECHNOLOGY,5,2,3
VIGNAN,1,0,1
VIGNAN BHARATHI INSTITUTE OF TECHNOLOGY,1,0,1
VBIT - VIGNANA BHARATHI ENGINEERING COLLEGE,1,1,0
"NATIONAL INSTITUTE OF TECHNOLOGY, CALICUT",1,1,0
MIT ADT UNIVERSITY,1,0,1
BHAVAN'S VIVEKANANDA COLLEGE,1,0,1
INDIAN INSTITUE OF TECHNOLOGY KHARAGPUR,1,0,1
R.V.R&J.C COLLEGE OF ENGINEERING,2,1,1
VIDYA JYOTHI INSTITUTE OF TECHNOLOGY,4,2,2
AURORA PG COLLEGE,1,1,0
VASIREDDY VENKATADRI INTERNATIONAL TECHNOLOGICAL UNIVERSITY,5,1,4
SAI SUDHIR DEGREE PG CLG,1,0,1
RGUKT-RK,1,1,0
"VIJAYA ENGINEERING COLLEGE, KHAMMAM",1,1,0
SREE DATTHA INSTITUTE OF ENGINEERING AND SCIENCE,1,0,1
VIGNAN'S LARA INSTITUTE OF TECHNOLOGY AND SCIENCE,1,0,1
ACME DEGREE COLLEGE,8,2,6
GAYATRI VIDYA PARISHAD COLLEGE OF ENGINEERING,2,1,1
SREE VENKATESWARA COLLEGE OF ENGINEERING,1,1,0
ST.MARY'S CENTENARY DEGREE COLLEGE,1,0,1
TEEGALA KRISHNA REDDY ENGINEERING COLLEGE,1,0,1
RISHI UBR WOMEN'S DEGREE,1,0,1
SVS GROUP OF INSTITUTIONS,2,0,2
ST PETER'S ENGINEERING COLLEGE HYDERABAD,1,1,0
JBIET,1,0,1
RGM COLLEGE OF ENGINEERING AND TECHNOLOGY,1,1,0
IBM,1,0,1
N.K ORCHID COLLEGE OF ENGINEERING AND TECHNOLOGY SOLAPUR,1,1,0
DECCAN FINE CHEMICALS,1,0,1
"RAJEEV GANDHI MEMORIAL COLLEGE OF ENGINEERING AND TECHNOLOGY, NANDYAL",3,1,2
VIGNAN INSTITUTE OF TECHNOLOGY AND SCIENCE,2,0,2
EAST WEST INSTITUTE OF TECHNOLOGY,1,1,0
RGMCET-RAJEEV GANDHI MEMORIAL COLLEGE OF ENGINEERING AND TECHNOLOGY,1,1,0
SHREE MEDHA DEGREE COLLEGE,1,1,0
JNTUH COLLEGE OF ENGINEERING JAGITYAL,1,1,0
NARASIMHA REDDY ENGINEERING COLLEGE - A C E ENGINEERING COLLEGE (AUTONOMOUS),1,0,1
J.B.INSTITUTE OF ENGINEERING AND TECHNOLOGY,1,1,0
AVINASHILINGAM UNIVERSITY,1,1,0
MATURE VENKATA SUBBA RAO ENGINEERING COLLEGE,1,0,1
KLU - K L UNIVERSITY,23,10,13
SRI VENKATESHWARA COLLEGE OF ENGINEERING AND TECHNOLOGY,1,1,0
ISLC - ISL ENGINEERING COLLEGE,1,1,0
MVSR ENGINEERING COLLEGE,1,1,0
HIMACHAL PRADESH TECHNICAL UNIVERSITY,1,0,1
TALLA PADMAVATHI COLLEGE OF ENGINEERING,1,0,1
RITW - RISHI UBR WOMEN'S COLLEGE,1,0,1
RAJIV GANDHI UNIVERSITY OF KNOWLEDGE AND TECHNOLOGIES BASAR,2,0,2
"RAJIV GANDHI UNIVERSITY OF KNOWLEDGE AND TECHNOLOGIES,BASAR",2,2,0
RISHI UBR WOMENS' COLLEGE,1,0,1
AURORAS SCIENTIFIC AND TECHNOLOGICAL INSTITUTE,1,0,1
MESCO INSTITUTE OF MANAGEMENT AND COMPUTER SCIENCE,1,0,1
GD GOENKA,1,0,1
NIZAM COLLEGE,2,1,1
GOKARAJU RANGARAJU INSTITUTE OF ENGINEERING AND TECHNOLOGY,1,0,1
VNR VJET- VALLURIPALLI NAGESHWAR RAO VIGNAN JYOTHI INSTITUTE OF ENGG AND TECH,1,0,1
MALLAREDDY ENGINEERING COLLEGE FOR WOMEN,2,1,1
SWAMI VIVEKANANDA INSTITUTE OF TECHNOLOGY,1,0,1
JNKR - JNTU COLLEGE OF ENGINEERING JAGITIAL,17,7,10
MALLA REDDY ENGINEERING COLLEGE FOR WOMEN,5,3,2
MALLA REDDY COLLEGE OF ENGINEERING,4,3,1
KAKATIYA INSTITUTE OF TECHNOLOGY AND SCIENCE FOR WOMEN,1,0,1
INDIRA GANDHI DELHI TECHNICAL UNIVERSITY FOR WOMEN,3,2,1
DRONACHARYA COLLEGE OF ENGINEERING,1,1,0
GANDHI INSTITUTE OF TECHNOLOGY,1,0,1
INSTITUTE OF AERONAUTICAL ENGINEERING,3,2,1
VRSEC,1,1,0
RISH,1,0,1
VIGNAN'S NIRULA INSTITUTE OF TECHNOLOGY AND SCIENCE FOR WOMEN,1,1,0
MREC - MALLAREDDY ENGINEERING COLLEGE (AUTONOMOUS),22,10,12
SHADAN WOMEN'S COLLEGE OF ENGINEERING AND TECHNOLOGY,1,0,1
CHANDIGARH ENGINEERING COLLEGE,1,1,0
GOVERNMENT DEGREE COLLEGE FOR WOMEN,1,1,0
MU - MAHINDRA UNIVERSITY,3,2,1
MDRK - MADHIRA INSTITUTE OF TECHNOLOGY AND SCIENCES,1,0,1
K. K COLLEGE OF ENGINEERING AND MANAGEMENT,1,0,1
MLTM - MALLA REDDY NSTITUTE OF TECHNOLOGY AND SCIENCE,1,1,0
GANDHI INSTITUTE OF TECHNOLOGY AND MANAGEMENT,3,1,2
AURORA'S TECHNOLOGICAL AND RESEARCH INSTITUTE,1,0,1
BVC ENGINEERING COLLEGE,3,1,2
CHAITANYA BHARATHI INSTITUTE OF TECHNOLOGY,1,0,1
NATIONAL INSTITUTE OF TECHNOLOGY KARNATAKA SURATHKAL,1,1,0
VIT UNIVERSITY AP,1,0,1
LOYOLA ACADEMY DEGREE AND PG COLLEGE,2,2,0
UNIVERSITY COLLEGE OF ENGINEERING AND TECHNOLOGY FOR WOMEN,1,1,0
SREEN,1,0,1
RAMAKRISHNA DEGREE AND PG COLLEGE,1,0,1
SBIT,1,1,0
DR.MGR UNIVERSITY,1,1,0
JNTUH COLLEGE OF ENGINEERING JAGTIAL,1,1,0
SAMSKRUTHI COLLEGE OF ENGINEERING AND TECHNOLOGY,1,0,1
SR UNIVERSITY,3,1,2
JOGINPALLY BR ENGINEERING COLLAGE,1,0,1
"SKIT , JAIPUR",1,0,1
VAAGDEVI ENGINEERING COLLEGE,5,4,1
KALSALINGAM ACADEMY OF RESEARCH AND EDUCATION,2,0,2
RGUKT SRIKAKULAM,2,0,2
JAYAMUKHI INSTITUTE OF TECHNOLOGICAL SCIENCES,2,1,1
MALLA REDDY INSTITUTE OF ENGINEERING AND TECHNOLOGY,1,0,1
MATURI VENKATA SUBBARAO ENGINEERING COLLEGE,1,1,0
GAYATRI VIDYA PARISHAD COLLAGE FOR DEGREE AND PG COURSES,1,1,0
WITS - WARANGAL INST OF TECHNOLOGY SCIENCE,11,7,4
VIDYA JYOTI INSTITUTE OF TECHNOLOGY,1,1,0
VALLURUPALLI NAGESWARA RAO VIGNANA JYOTHI INSTITUTE OF ENGINEERING &TECHNOLOGY,1,0,1
BVC ENGINEERING COLLEGE ODALAREVU,1,0,1
VELLORE INSTITUTE OF TECHNOLOGY VELLORE,1,0,1
GNITC- GURU NANAK TECHNICAL CAMPUS,1,1,0
VNR VIGNANA JYOTHI INSTITUTE OF ENGINEERING AND TECHNOLOGY,1,0,1
"ZAKIR HUSSAIN COLLEGE OF ENGINEERING AND TECHNOLOGY, ALIGARH MUSLIM UNIVERSITY",1,0,1
MRITS - MALLAREDDY INST OF TECHNOLOGY AND SCIENCE,1,1,0
GTBIT GGSIPU,1,0,1
WARANGAL INSTITUTE OF TECHNOLOGY AND SCIENCE,1,0,1
MUFFAKHAM JAH COLLEGE OF ENGINEERING,1,1,0
MATURI VENKATA SUBBA RAO,1,1,0
INDIRA GANDHI DELHI TECHNICAL UNVERSITY FOR WOMEN,1,0,1
VAAGDEVI COLLEGE OF ENGINEERING,1,1,0
G PULLA REDDY ENGINEERING COLLEGE,3,2,1
MATRUSRI ENGINEERING COLLEGE,3,2,1
AIMS,1,0,1
GPREC - G PULLA REDDY ENGINEERING COLLEGE,1,1,0
ST MARY'S INTEGRATED CAMPUS,1,0,1
NARSIMHA REDDY ENGINEERING COLLEGE,3,1,2
VSM COLLEGE,1,0,1
MAHARANA INSTITUTE OF PROFESSIONAL,1,0,1
GAUHATI UNIVERSITY INSTITUTE OF SCIENCE AND TECHNOLOGY,1,0,1
JAYPEE UNIVERSITY OF INFORMATION TECHNOLOGY WAKNAGHAT SOLAN HIMACHAL PRADESH,1,1,0
GAUHATI UNIVERSITY,3,1,2
SIR C.R.REDDY COLLEGE OF ENGINEERING,1,1,0
IES IPS ACADEMY INDORE(M.P),1,1,0
SHRI VISHNU ENGINEERING COLLEGE FOR WOMENâ€™S,1,0,1
SRI VISHNU ENGINEERING COLLEGE FOR WOMEN,1,0,1
VBEC - VIGNANA BHARATHI INSTITUTE OF TECHNOLOGY,1,0,1
KMM INSTITUTE OF TECHNOLOGY AND SCIENCE,1,0,1
"INDIAN INSTITUTE OF INFORMATION TECHNOLOGY, KOTTAYAM",3,2,1
SNIS - SREENIDHI INSTITUTE OF SCIENCE AND TECHNOLOGY,1,0,1
SVECW-SHRI VISHNU ENGINEERING COLLEGE FOR WOMEN,1,1,0
INTERNATIONAL SCHOOL OF TECHNOLOGIES AND SCIENCES FOR WOMENS,1,1,0
- CMR INSTITUTE OF TECHNOLOGY (AUTONOMOUS),1,0,1
JNTU,1,0,1
D.R B.C ROY ENGINEERING COLLEGE,1,1,0
DR. B.C ROY ENGINEERING COLLEGE,1,1,0
SRKIT,2,1,1
RAJEEV GANDHI MEMORIAL COLLEGE OF ENGINEERING AND TECHNOLOGY (AUTONOMOUS),1,1,0
RAJEEV GANDHI MEMORIAL COLLEGE,1,1,0
HITAM,1,1,0
RAJIV GANDHI UNIVERSITY OF KNOWLEDGE AND TECHNOLOGIES RKVALLEY,1,1,0
INDIAN INSTITUTE OF INFORMATION TECHNOLOGY DESIGN AND MANUFACTURING KANCHEEPURAM,2,0,2
G.NARAYANAMMA INSTITUTE OF TECHNOLOGY AND SCIENCE,1,0,1
KITSW - KAKATIYA INSTITUTE OF TECHNOLOGY AND SCIENCE,1,0,1
LOYOLA INSTITUTE OF TECHNOLOGY AND MANAGEMENT,1,0,1
JAWAHARLAL NEHRU TECHNOLOGICAL UNIVERSITY,1,0,1
BHARAT INSTITUTE OF ENGINEERING AND TECHNOLOGY,1,1,0
RISHI MS INSTITUTE OF ENGINEERING AND TECHNOLOGY FOR WOMEN,7,1,6
RITW - RISHI MS INSTITUTE OF ENGINEERING AND TECHNOLOGY FOR WOMEN,1,1,0
TRINITY COLLEGE OF ENGINEERING AND TECHNOLOGY PEDDAPALLI,1,1,0
RISHI MS INST OF ENGG AND TECH FOR WOMEN,3,0,3
SWARNA BHARATHI INSTITUTE OF SCIENCE AND TECHNOLOGY,2,0,2
RISHI M.S INSTITUTE OF ENGINEERING AND TECHNOLOGY FOR WOMEN,2,1,1
SWARNA BHARATHI INSTITUTE SCIENCE AND TECHNOLOGY,1,0,1
KAKINADA INSTITUTION OF ENGINEERING AND TECHNOLOGY FOR WOMEN,2,1,1
MALLAREDDY COLLEGE OF ENGINEERING AND TECHNOLOGY,1,0,1
INTERNATIONAL SCHOOL OF TECHNOLOGY AND SCIENCE,1,1,0
VELLORE INSTITUTE OF TECHNOLOGY AMARAVATHI ANDRA PRADESH,1,1,0
BITS - BALAJI INSTITUTE OF TECHNOLOGY AND SCI,1,0,1
MALLAREDDY COLLEGE OF ENGINEERING FOR WOMEN,1,1,0
GD.GOENKA UNIVERSITY,1,1,0
DR.M.G.R EDUCATIONAL AND RESEARCH INSTITUTE,1,0,1
TRR COLLEGE OF TECHNOLOGY,1,0,1
TKR COLLEGE OF ENGINEERING AND TECHNOLOGY,1,1,0
VRSEC-VELAGAPUDI RAMAKRISHNA SIDDHARTHA ENGINEERING COLLEGE,1,1,0
G. NARAYANAMMA INSTITUTE OF TECHNOLOGY AND SCIENCE,2,2,0
BASAR IIIT,1,1,0
SP COLLEGE PADMARAONAGAR,1,0,1
RISHI MS INSTITUTE OF TECHNOLOGY FOR WOMEN,1,0,1
MALLAREDDY UNIVERSITY,3,1,2
MRIET(MALLLAREDDY INSTITUTE OF ENGINEERING AND TECHNOLOGY),1,1,0
RGUKT IIIT BASAR,2,0,2
GOVERNMENT POLYTECHNIC PANJIM,1,0,1
SRINIVASA LNSTITUTE OF ENGINEERING AND TECHNOLOGY,1,0,1
WESLEY DEGREE COLLEGE,1,0,1
ADDIS ABABA UNIVERSITY,1,0,1
SRI MITTAPALI INSTITUTE OF TECHNOLOGY FOR WOMEN,1,0,1
"SOBHASARIA GROUP OF INSTITUTIONS, SIKAR",1,1,0
ERICSSON,1,0,1
MRECW-MALLA REDDY ENGINEERING COLLEGE FOR WOMEN (AUTONOMOUS),1,0,1
MLR- MARRI LAXMAN REDDY INST OF TECHNOLOGY AND MANAGEMENT (AUTONOMOUS),1,1,0
RAJIV GANDHI UNIVERSITY OF KNOWLEDGE TECHNOLOGY BASAR,1,1,0
"RAJIV GANDHI UNIVERSITY OF KNOWLEDGE TECHNOLOGIES,IIIT BASAR",1,1,0
CMR ENGNEERING COLLEGE,1,0,1
SJC INSTITUTE OF TECHNOLOGY,1,0,1
RAJIV GANDHI UNIVERSITY OF KNOWLEDGE TECHNOLOGIES -BASAR,3,3,0
THE ICFAI FOUNDATION FOR HIGHER EDUCATION,2,1,1
IIT GANDHINAGAR,1,1,0
SDGI - SREE DATTHA GRP OF INSTNS,4,3,1
UNIVERSITY OF ENGINEERING AND MANAGEMENT KOLKATA,1,1,0
"VIGNAN UNIVERSITY ,GUNTUR",1,0,1
MVRG-MVGR COLLEGE OF ENGINEERING(AUTONOMOUS),1,0,1
SNIST - SREENIDHI INSTITUTE OF SCIENCE AND TECHNOLOGY,1,1,0
KPRT - KOMMURI PRATAP REDDY INSTITUTE OF TECHNOLOGY,1,0,1
ETHIRAJ COLLEGE FOR WOMEN,2,0,2
GDGD,1,0,1
SIDDHARTH INSTITUTE OF ENGINEERING AND TECHNOLOGY,1,1,0
ANDHRA UNIVERSITY,8,5,3
SEARS,1,1,0
AD,1,0,1
"NRI INSTITUTE OF TECHNOLOGY, GUNTUR",1,1,0
ISPACE SOFTWARE SOLUTIONS PVT LTD,1,0,1
JNTHMT - JNTUH-5 YEAR INTEGRATED MTECH SELF FINANCE,4,4,0
ALNM WOMEN'S DEGREE COLLEGE,1,0,1
JAWAHARLAL NEHRU TECHNOLOGICAL UNIVERSITY ANANTAPUR,1,0,1
JNTUHCER,1,1,0
CUH,1,0,1
RVRJCCE,1,0,1
VELAGAPUDI RAMAKRISHNA SIDDARTHA COLLEGE OF ENGINEERING,1,1,0
LENDI INSTITUTE OF ENGINEERING,1,1,0
RGUKT-BASAR,1,1,0
SWARNA BHARITHI INSTITUTE OF SCIENCE AND TECHNOLOGY,1,0,1
RAJIV GANDHI UNIVERSITY OF KNOWLEDGE TECHNOLOGY,3,1,2
GAYATRI VIDYA PARISHAD,2,1,1
RGUKT-B,1,0,1
VITAP UNIVERSITY,2,1,1
RGUKT BASAR -IIIT,1,0,1
CHAITANYA DEEMED TO BE UNIVERISTY,1,0,1
PROFESSOR JAYASHANKAR TELANGANA STATE AGRICULTURAL UNIVERSITY,1,1,0
MVGR-MAHARAJ VIJAYARAM GAJAPATHIRAJ ENGINEERING COLLEGE (AUTONOMOUS ),1,0,1
AIML,1,0,1
ST.ANN'S COLLEGE FOR WOMEN,1,1,0
"RAJIV GANDHI UNIVERSITY OF KNOWLEDGE AND TECHNOLOGIES, IIIT BASAR",1,1,0
JNTUA ANANTAPUR,1,0,1
UNIVERSITY COLLEGE OF ENGINEERING OSMANIA,1,1,0
GITAM - GITAM UNIVERSITY,40,14,26
VBIT,1,0,1
CHAITHANYA DEEMED TO BE UNIVERSITY,3,0,3
MADANAPALL INSTITUTE OF TECHNOLOGY AND SCIENCE,1,0,1
SATYA INSTITUTE OF TECHNOLOGY AND MANAGEMENT,1,0,1
IIIT BHUBANESHWAR,1,1,0
JNTUA COLLEGE OF ENGINEERING,1,0,1
VIT - VELLORE INSTITUTE OF TECHNOLOGY,1,1,0
"RAJIV GANDHI UNIVERSITY OF KNOWLEDGE TECHNOLOGIES ,BASAR",1,1,0
S.L.R.PRATHIBHA MODEL DEGREE COLLEGE,1,0,1
JNTUH UNIVERSITY COLLEGE OF ENGINEERING JAGTIAL,1,0,1
RVR AND JC COLLEGE OF ENGINEERING,1,0,1
NBM LAW COLLEGE,1,0,1
GPREC,1,0,1
ST. MARY'S CENTENERY DEGREE COLLEGE,1,0,1
"GIRRAJ GOVT COLLEGE, NZD",1,0,1
VASIREDDY VENKATADRI ITERNATIONAL TECHNOLOGICAL UNIVERSITY,1,0,1
SRGEC,1,0,1
NADIMPALLI SATYANARAYANA RAJU INSTITUTE OF TECHNOLOGY,2,0,2
GEETHANJALI INSTITUTE OF SCIENCE AND TECHNOLOGY,3,1,2
KUEWSF - UNIVERSITY COLLEGE OF ENGG AND TECH FOR WOMEN KU CAMPUS,4,4,0
RGUKT-BASARA,1,1,0
R.M.D ENGINEERING COLLEGE,1,0,1
"INDIAN INSTITUTE OF INFORMATION TECHNOLOGY (IIIT), DHARWAD",1,1,0
KRISHANAVENI ENGINEERING COLLEGE FOR WOMEN NARASARAOPET,1,0,1
RAJIV GANDHI UNIVERSITY OF KNOWLEDGE TECHNOLOGIES (AUTONOMOUS),1,0,1
PRIYADARSHINI COLLEGE OF ENGINEERING AND TECHNOLOGY,1,0,1
RV INSTITUTE OF TECHNOLOGY,1,0,1
DIPLOMA COMPLETED AND GOING TO BETCH AS LATERAL ENTRY,1,0,1
R. V. R & J. C. COLLEGE OF ENGINEERING,1,0,1
SAGE UNIVERSITY INDORE,1,0,1
MOHAN BABU UNVERSITY,1,0,1
INDIAN INSTITUTE OF INFORMATION TECHNOLOGY- DHARWAD,1,0,1
PACE INSTITUTION OF TECHNOLOGY AND SCIENCES,1,0,1
"SREE VAHINI INSTITUTE OF SCIENCE AND TECHNOLOGY,TIRUVUR",1,0,1
VIGNAN'S INSTITUTE OF INFORMATION TECHNOLOGY,55,24,31
VIGNAN'S INSTITUE OF INFORMATION TECHNOLOGY,1,1,0
VIGNANS INSTITUTE OF INFORMATION TECHNOLOGY,12,5,7
DBSIT COLLEGE,1,1,0
"VIGNAN'S INSTITUTE OF INFORMATION TECHNOLOGY,VISAKHAPATNAM",1,0,1
VIGNAN INSTITUTE OF INFORMATION TECHNOLOGY,6,3,3
VIGNAN'S INSTITUTE OF INFORMATION& TECHNOLOGY,1,0,1
IT JARGONS,1,0,1
MUTHYAMMAL ENGINEERING COLLEGE,1,0,1
VIGNAN INSTITUTE OF INFORMATION AND TECHNOLOGY,2,0,2
GITAM UNIVERSITY,2,0,2
VIIT VIGNAN'S INSTITUTE OF INFORMATION TECHNOLOGY,1,1,0
"IGNTU, AMARKANTAK",1,0,1
CMR TECHNICAL CAMPUS,1,0,1
LORDS INSTITUTE OF ENGINEERING AND TECHNOLOGY,1,1,0
VIIT - VIGNAN'S INSTITUTE OF INFORMATION TECHNOLOGY,2,1,1
UNIVERSITY OF MARYLAND,1,0,1
PADMASRI B.V.RAJU INSTITUTE OF TECHNOLOGY,1,0,1
MAA SHAKUMBHARI UNIVERSITY SAHARANPUR,1,1,0
KAKATIYA INSTITUTE OF TECHNOLOGY AND SCIENCE WARANGAL,1,1,0
VIGNANâ€™S INSTITUTE OF INFORMATION TECHNOLOGY,1,0,1
VIIT-VIGNAN'S INSTITUTE OF INFORMATION TECHNOLOGY,1,0,1
RAO'S COLLEGE,1,0,1
KITS - KRISHANA CHATAINTYA INSTITUTE OF TECHNOLOGY AND SCL,1,1,0
IIIT VADODARA,1,1,0
KRISHNA CHAITANYA INSTITUTE OF TECHNOLOGY AND SCIENCE,1,0,1
"GOVT. CITY COLLEGE (A), HYDERABAD",1,0,1
MAHATMA GANDHI INSTITUTE OF TECHNOLOGY,1,0,1
VIGNAN INSTITUTE OF INFORMATION ANDTECHNOLOGY,1,0,1
DR.K.V. SUBBA REDDY INSTITUTE OF TECHNOLOGY,1,0,1
PARUL INSTITUTE OF ENGINEERING AND TECHNOLOGY,1,1,0
VIKRAMA SIMHAPURI UNIVERSITY,1,0,1
"NRI INSTITUTE OF TECHOLOGY , POTHAVARAPADU",1,1,0
SATAVHANA,1,0,1
RAJIV GANDHI UNIVERSITY OF KNOWLEDGE TECHNOLOGIES ANDHRA PRADESH,1,1,0
MAHARAJ VIJAYARAM GAJAPATHIRAJ COLLEGE OF ENGINEERING,1,1,0
KIET - KAKINADA INSTITUTE OF ENGINEERING AND TECHNOLOGY,2,1,1
KLH,1,1,0
VISHNU INSTITUTE OF TECHNOLGY,1,0,1
OUCT - O U COLLEGE OF TECH HYDERABAD,4,1,3
S.V.D.G.D.C.WOMEN IN NIDADAVOLU,1,0,1
AUDISANKARA INSTITUTE OF TECHNOLOGY,1,0,1
OUCESF - O U COLLEGE OF ENGG HYDERABAD - SELF FINANCE,1,1,0
JNTU KAKINADA,1,0,1
ACHARYA INSTITUTE OF MANAGEMENT AND SCIENCES,1,0,1
NAGARJUNA COLLEGE OF ENGEERING AND TECHNOLOGY,1,0,1
CONCORDIA UNIVERSITY WISCONSIN,1,1,0
JANSONS INSTITUTE OF TECHNOLOGY,3,1,2
DVR DR HS MIC COLLEGE OF TECHNOLOGY,1,0,1
"INDIAN INSTITUTE OF INFORMATION TECHNOLOGY, MANIPUR",2,0,2
"RAJIV GANDHI UNIVERSITY OF KNOWLEDGE TECHNOLOGY,BASAR",1,1,0
RGUKT RKVALLEY,1,1,0
JNTUK,1,0,1
NIT ANDHRAPRADESH,1,1,0
"SIR CR REDDY COLLEGE OF ENGINEERING, ELURU",1,1,0
MGU,1,0,1
SREE VIDYANIKETAN ENGENEERING COLLEGE,1,0,1
LOYOLA ACADEMY HYDERABAD,1,1,0
IIIT SONEPAT HARYANA,1,1,0
ALPHORES WOMEN'S DEGREE COLLEGE KARIMNAGAR,2,0,2
SIR C R REDDY COLLEGE OF ENGINEERING ELURU,1,0,1
PSCMR ENGENEERING COLLEGE,1,1,0
KUWLSF - KU COLLEGE OF ENGINEERING AND TECHNOLOGY - SELF FINANCE,2,2,0
MADANAPALLE INSTITUTE OF TECHNOLOGY & SCIENCE,2,2,0
SPHOORTHY ENGINEERING COLLEGE,1,1,0
GAYATHRI VIDYA PARISHAD PG AND DEGREE COURSES(A),1,0,1
RAJIV GANDHI UNIVERSITY OF KNOWLEDGE TECHNOLOGIES- BASAR,1,1,0
NMIMS,1,1,0
ADITYA UNIVERSITY(FORMERLY ADITYA ENGINEERING COLLEGE,1,0,1
SASI,1,0,1
RAJAMAHENDRI INSTITUTE OF ENGINEERING AND TECHNOLOGY,1,1,0
JAYA PRAKASH NARAYAN COLLEGE OF ENGINEERING,1,0,1
BABU BANARASI DAS UNIVERSITY,1,0,1
DR BC ROY ENGINEERING COLLEGE,3,0,3
DR.B.C. ROY ENGINEERING COLLEGE,1,0,1
MANIPAL ACADEMY OF HIGHER EDUCATION,1,1,0
VARAPRASAD REDDY INSISTUTE OF TECNOLOGY,1,0,1
VNR VJIET,3,0,3
ST ANNA'S COLLEGE OF ENGINEERING AND TECHNOLOGY,1,0,1
SRI VASAVI INSTITUTE OF ENGINEERING AND TECHNOLOGY,1,0,1
"RAJIV GANDHI INSTITUTE OF KNOWLEDGE AND TECHNOLOGIES ,RK VALLEY",1,1,0
RAJIV GANDHI UNIVERSITY AND KNOWLEDGE TECHNOLOGIES,1,1,0
"RAJIV GANDHI UNIVERSITY OF KNOWLEDGE TECHNOLOGIES, BASAR.",1,1,0
"RGUKT, RK VALLEY",1,1,0
VNRVJIET,2,1,1
"RAJIV GANDHI UNIVERSITY OF KNOWLEDGE TECHNOLOGY, RK VALLEY",1,0,1
VNR VIGNAN JYOTHI INSTITUTE OF ENGINEERING AND TECHNOLOGY,1,0,1
SRI VASAVI ENGINEERING COLLEGE,2,1,1
VELLORE INSTITUE OF TECHNOLOGY,1,1,0
VEMUIT,1,0,1
LIFE ENTERPRISES,1,0,1
NORTHERN ILLINOIS UNIVERSITY,1,0,1
AMRITA VISHWA VIDYAPEETHAM CHENNAI,1,0,1
HINDUSTAN UNIVERSITY,1,0,1
DAYANANDA SAGAR ACADEMY OF TECH & MGMT,1,0,1
IIT PATNA,2,2,0
RAJIV GANDHI UNIVERSITY OF KNOWLEDGE AND TECHNOLOGY RK VALLEY UDUPU,1,1,0
AURORA PG COLLEGE RAMANTHAPUR,1,1,0
"RGUKT,BASAR",1,0,1
KKR AND KSR INSTITUTE OF TECHNOLOGY AND SCIENCES,3,2,1
AVANTHI'S RESEARCH AND TECHNOLOGICAL ACADEMY,1,0,1
KIET,1,0,1
SRI SAI KRISHNA DEGREE COLLEGE,1,1,0
T JOHN INSTITUTE OF TECHNOLOGY,1,0,1
AMAZON ADS,1,0,1
AZAD - AZAD COLLEGE OF ENGINEERING AND TECHNOLOGY,1,0,1
MNNIT-MOTILAL NEHRU NATIONAL INSTITUTE OF TECHNOLOGY ALLAHABAD,1,1,0
NIZAM COLLEGE BASHEERBAGH HYDERABAD,1,1,0
"NIZAM COLLEGE AUTONOMOUS, BASHEER BAGH, HYDERABAD, TELANGANA 500001",1,1,0
ANDHRA UNIVERSITY COLLEGE OF ENGINEERING,4,1,3
NARASARAOPETA INSTITUTE OF TECHNOLOGY,1,1,0
BANARAS HINDU UNIVERSITY,1,1,0
"AMRITA VISHWA VIDYAPEETHAM, BANGALORE",1,1,0
"VIGNAN'S FOUNDATION FOR SCIENCE, TECHNOLOGY AND RESEARCH (DEEMED TO BE UNIVERSITY)",1,0,1
DVR&DR.HS MIC COLLEGE OF TECHNOLOGY,1,0,1
ACME DEGREE COLLEGE MALAKPET HYDERABAD,1,0,1
BALAJI INSTITUTE OF TECHNOLOGY AND SCIENCE,2,1,1
JAWAHARLAL NEHRU TECHNOLOGICAL UNIVERSITY OF KAKINADA,1,0,1
MDRK - MADHIRA INSTITUTE OF TECHNOLOGY AND SCI,1,1,0
KITS AKSHAR INSTITUTE OF TECHNOLOGY,1,0,1
ADITYA UNIVERISTY,1,0,1
SRI VASAVI INSTITUTE OF ENGINEERING AND TECHNOLOGY NANDAMURU,1,0,1
"NATIONAL FORENSIC SCIENCES UNIVERSITY, GANDHINAGAR",1,0,1
MVGR COLLEGE OG ENGINEERING (MVGRCE),1,1,0
UNIVERSITY OF PETROLEUM AND ENERGY STUDIES,1,0,1
VIT-APUNIVERSITY,1,1,0
BANGALORE INSTITUTE OF TECHNOLOGY BENGALURU,1,0,1
JNTU GV,1,1,0
ADITYA DEGREE COLLEGE VIZIANAGARAM,1,1,0
RISHI MS INSTITUTE OF TECHNOLOGY AND ENGINEERING COLLEGE,1,0,1
RGUKT- RAJIV GANDHI UNIVERSITY KNOWLEDGE TECHNOLOGIES - BASAR,1,0,1
"INTERNATIONAL INSTITUTE OF INFORMATION TECHNOLOGY, BHUBANESWAR",1,1,0
MAHARAJA SURAJMAL INSTITUTE OF TECHNOLOGY,1,1,0
IIT BHU VARANASI,1,1,0
KAKINADA INSTITUTE OF ENGINEERING AND TECHNOLOGY FOR WOMEN,29,11,18
RAJIV GANDHI UNIVERSITY OF KNOWLEDGE AND TECHNOLOGY ONGOLE,1,0,1
KIET GROUP OF INSTITUTIONS,4,1,3
VIGNAN LARA INSTITUTE TECHNOLOGY AND SCIENCE,1,0,1
RISHI MS INSTITUTE OF ENGEENERING AND TECHNOLOGY FOR WOMEN,1,0,1
"KAKINADA INSTITUTE OF ENGINEERING AND TECHNOLOGY, KORANGI",1,0,1
INDIAN INSTITUTE OF TECHNOLOGY PATNA,3,2,1
VELAGAPUDI RAMAKRISHNA SIDHHARTHA ENGINEERING COLLEGE,1,1,0
KAKINADA INSTITUTE OF ENGINEERING AND TECHNOLOGY -WOMENS,1,1,0
KAKINADA INSTITUTE OF ENGINEERING AND TECHNOLOGY - WOMEN,1,0,1
KAKINADA INSTITUTE OF ENGINEERING AND TECHNOLOGY-WOMEN,1,1,0
KAKINADA INSTITUTE OF ENGINEERING AND TECHNOLOGY - WOMENS,1,1,0
KAKINADA INSTITUTIONS OF ENGINEERING AND TECHNOLOGY,3,2,1
KAKINADA INSTITUTE OF ENGINEERING AND TECHNOLOGY FOR WOMEN'S,2,1,1
TOCE,1,0,1
VIGNAN'S INSTITUTE OF INFORMATION AND TECHNOLOGY,1,0,1
"SRM UNIVERSITY , KTR, CHENNAI",1,1,0
"MAULANA AZAD NATIONAL INSTITUTE OF TECHNOLOGY, BHOPAL",2,1,1
"AMRITA VISHWA VIDYAPEETHAM, AMARAVATI",1,0,1
KAKINADA INSTITUTIONS OF ENGINEERING AND TECHNOLOGY FOR WOMEN,2,1,1
KAKINADA INSTITUTE OF ENGINEERING AND TECHNOLGY,2,1,1
(KIET) KAKINADA INSTITUTE OF ENGINEERING AND TECHNOLOGY,1,0,1
GITAM DEEMED TO BE UNIVERSITY,1,1,0
AJEENKYA DY PATIL UNIVERSITY LOHEGAON PUNE,1,1,0
VIGNAN'S INSTITUTE OF INFORMATION,1,1,0
BVRIT HYDERABAD COLLEGE OF ENGINEERING FOR WOMEN,1,1,0
KAKINADA INSTITUTE OF ENGINEERING TECHNOLOGY,2,0,2
PESITM,1,1,0
VNR VIGNANA JYOTHI INSTITUE OF ENGINEERING AND TECHNOLOGY,1,0,1
SVSE - SVS GRP OF INSTNS - SVS INST OF TECH,14,0,14
NATIONAL INSTITUTE OF TECHNOLOGY UTTARAKHAND,1,1,0
DWARKADAS J SANGHVI COLLEGE OF ENGINEERING,1,1,0
SVKM'S DWARKADAS J. SANGHVI COLLEGE OF ENGINEERING,1,1,0
KAKINADA INSTITUE OF ENGNEERING AND TECHONOLOGY,1,1,0
KKR & KSR INSTITUTE OF TECHNOLOGY AND SCIENCE,1,1,0
G.PULLAIAH COLLEGE OF ENGINEERING AND TECHNOLOGY,1,0,1
"VNR VIGNANA JYOTHI INSTITUTE OF ENGINEERING & TECHNOLOGY, TELANGANA",1,1,0
KIEW- KAKINADA INSTITUTE OF ENGINEERING AND TECHNOLOGY FOR WOMENS,1,0,1
RAMAIAH UNIVERSITY OF APPLIED SCIENCES,1,1,0
"RAGIV GANDHI UNIVERSITY OF KNOWLEDGE AND TECHNOLOGIES,R K VALLEY",1,0,1
AUDISANKARA ENGINEERING COLLEGE,1,0,1
RGUKT(IIIT),1,1,0
RV INSTITUTE OF TECHNOLOGY AND MANAGEMENT,1,0,1
AVANTHI DEGREE COLLEGE,1,0,1
BVRIT HYDERABAD ENGINEERING FOR WOMEN,1,0,1
SR&BGNR COLLEGE,1,0,1
G. PULLAIAH COLLEGE OF ENGINEERING AND TECHNOLOGY,1,0,1
ANIL NEERUKONDA INSTITUE OF TECHNOLOGY AND SCIENCES,1,1,0
KAKINADA INSTITUTION OF ENGINEERING AND TECHNOLOGY FOR WOMENS,1,0,1
SRM UNIVERSITY OF SCIENCE AND TECHNOLOGY,1,1,0
NISHITHA DEGREE COLLEGE,17,5,12
"ANNAMACHARYA PG COLLEGE OF COMPUTER STUDIES, RAJAMPET",1,0,1
"INDIAN INSTITUTE OF TECHNOLOGY,PATNA",1,0,1
VELAGAPUDI RAMAKRISHNA SIDDARDHA ENGINEERING COLLEGE,1,1,0
MADANPALLE INSTITUTE OF TECHNOLOGY AND SCIENCE,1,0,1
HINDUSTHAN COLLEGE OF ENGINEERING AND TECHNOLOGY,1,1,0
SRI INDUU INSTITUTE OF ENGINEERING & TECHNOLOGY,1,1,0
ST JOSEPH DEGREE COLLEGE,1,0,1
MADANAPALLE,1,0,1
"INDIAN INSTITUTE OF TECHNOLOGY, PATNA",1,1,0
RK DEGREE AND PG COLLEGE,1,0,1
NISHITHA DEGREE COLLEGE(AUTONOMOUS),1,0,1
VGSE - VAAGESHWARI COLL OF ENGINEERING,30,11,19
GAYATRI VIDYA PARISHAD OF ENGINEERING,1,0,1
"SIDDHARTHA INSTITUTE OF SCIENCE AND TECHNOLOGY, PUTTUR",1,0,1
BBCIT - BANKATLAL BADRUKA COLLEGE FOR INFORMATION TECHNOLOGY,1,1,0
SR INTERNATIONAL INSTITUTE OF TECHNOLOGY,1,0,1
KAKINADA INSTITUTE OF ENGINEERING AND TECHNOLOGY 2,1,0,1
KAKINADA INSTITUTE OF ENGINEERING AND TECHNOLOGY-WOMENS,1,0,1
KAKINADA INSITUTE OF ENGINEERING AND TECHNOLOGY,2,0,2
TENALI ENGINEERING COLLEGE,1,0,1
MALILENI LAKSHMAIAH WOMEN'S ENGINEERING COLLEGE,1,1,0
"LOVELY PROFESSIONAL UNIVERSITY ,PUNJAB",1,0,1
V R SIDDHARDHA ENGINEERING COLLEGE,1,0,1
KAKINADA INSTITUTION OF ENGINEERS AND TECHNOLOGY,1,0,1
VELAGAPUDI RAMKRISHNA SIDDHARTHA ENGINEERING COLLEGE AND MY QS,1,0,1
INDIAN INSTITUTE OF TECHNOLOGY MADRAS,2,1,1
RAJEEV GANDI MEMORIAL COLLEGE OF ENGINEERING AND TECHNOLOGY,1,1,0
KAKINADA INSTITUTE OF ENGINNERING AND TECHNOLOGY,1,0,1
RAJEEV GANDHI MEMORIAL COLLEGE OF ENGINNERING AND TECHNOLOGY,1,1,0
"RAJIV GANDHI UNIVERSITY OF KNOWLEDGE TECHNOLOGIES, IIIT RK VALLEY",1,1,0
RGM-RAJEEV GANDHI MEMORIAL COLLEGE OF ENGINEERING AND TECHNOLOGY,1,1,0
KAKINADA INSTITUTE OF ENGINEERING AND TECHNOLOGY -II,1,1,0
AERONAUTICAL ENGINEERING COLLEGE,1,0,1
SNIST,2,1,1
ALPHORES DEGREE COLLEGE,1,0,1
ALPHORES WOMEN'S DEGREE AND PG COLLEGE,2,1,1
ALPHORES WOMEN'S DEGREE &PG COLLEGE,1,1,0
ST MARTINS ENGINEERING COLLEGE,1,1,0
ALPHORES WOMAN AND PG COLLEGE KARIMNAGAR,1,0,1
ANU,1,0,1
DARE - DARIPALLY ANANTHA RAMULU COLLOF ENGGAND TECH,2,0,2
ALPHORES WOMEN'S DEGREE COLLEGE,1,0,1
ST MARTIN'S ENGINEERING COLLEGE,1,1,0
ST.MARTINS ENGINEERING COLLEGE,1,0,1
AKSHAYA WOMEN'S DEGREE COLLEGE,2,0,2
N.B.K.R INSTITUTE OF SCIENCE AND TECHNOLOGY,1,0,1
DR B R AMBEDKAR INSTITUTE OF MANAGEMENT AND TECHNOLOGY,1,1,0
NATIONAL INSTITUTE OF TECHNOLOGY SILCHAR,1,1,0
R V.R & J.C COLLEGE OF ENGINEERING,1,0,1
DVR & DR. HS MIC COLLEGE OF TECHNOLOGY,1,1,0
GITAM UNIVERSITY BENGALURU,1,0,1
ICFAI FOUNDATION FOR HIGHER EDUCATION,9,8,1
ICFAI UNIVERSITY,18,13,5
ICFAI,3,1,2
ICFAI UNIVERSITY HYDERABAD,4,4,0
MALLAREDDY ENGINEERING COLLEGE AND MANAGEMENT SCIENCES,1,0,1
SATHAVAHANA UNIVERSITY ALPHORSE WOMENâ€™S DEGREE AND PG COLLAGE,1,0,1
OTHERS,1,0,1
SMCE,1,0,1
SVHU - SATAVAHANA UNIVERSITY,1,0,1
SREENIDHI UNIVERSITY,1,0,1
KAKINADA INSTITUTE OF ENGINEERING AND TECHNOLOGY WOMEN'S,1,0,1
KAKINADA INSTITUTION OF EDUCATION AND TECHNOLOGY,2,0,2
ALPHORES WOMEN'S DEGREE &PG COLLEGE KARIMNAGAR,1,0,1
"GITAM UNIVERSITY, BENGALURU",1,1,0
ALPHORES WOMENS,1,0,1
MAHARAJA VIJAYARAM GAJAPATHIRAJ COLLEGE OF ENGINEERING,1,1,0
"BITS PILANI, HYDERABAD CAMPUS",1,1,0
ADITYA DEGREE COLLEGE FOR WOMEN,1,0,1
KAKINADA INSTITUTIONS OF ENGINEERING TECHNOLOGY WOMENS,1,0,1
RAJEEV GANDHI MEMORIAL COLLEGE OF ENGINEERING AND TECHNOLOGY- AUTONOMOUS,1,0,1
GODAVARI INSTITUTION OF ENGINEERING TECHNOLOGY,1,1,0
KAKINDA INSTITUTE OF ENGINEERING AND TECHNOLOGY FOR WOMEN'S,2,0,2
ICFAI-HYDERBABAD,1,1,0
ICFAI-HYDERABAD,1,0,1
KAKINADA INSTITUTE OF TECHNOLOGY AND ENGINEERING FOR WOMEN'S,1,0,1
CHAITANYA DEMMED TO BE UNIVERSITY,1,0,1
VIGNAN INSTITUTE OF TECHNOLOGY,1,0,1
ICFAI TECH,2,0,2
KAKINADA INSTITUE OF ENGINEERING AND TECHNOLOGY,1,0,1
CONCORDIA UNIVERSITY,1,0,1
KIET COLLEGE,1,0,1
"RAJIV GANDHI UNIVERSITY OF KNOWLEDGE TECHNOLOGIES, ONGOLE CAMPUS",1,1,0
INDIAN INSTITUTE OF TECHNOLOGY BHUBANESWAR,1,0,1
CR RAO ADVANCED INSTITUTE OF MATHEMATICS AND STATISTICS,1,0,1
"G PULLA REDDY ENGINEERING COLLEGE, KURNOOL",1,0,1
"C.R.RAO ADVANCED INSTITUTE OF MATHEMATICS, STATISTICS AND COMPUTER SCIENCE",2,1,1
"NATIONAL INSTITUTE OF TECHNOLOGY, AGARTALA",1,0,1
ICFAI TECH UNIVERSITY HYDERABAD,1,1,0
VIGNAN LARA,1,0,1
RVR & JC,2,0,2
RGMCET - RAJEEV GANDHI MEMORIAL COLLEGE OF ENGINEERING AND TECHNOLOGY,1,1,0
RVR &JC CE,1,0,1
SANDIP UNIVERSITY,1,1,0
KAKINADA INSTITUTE OF ENGINEERING AND TECHNOLOGY -WOMEN'S,1,0,1
KIET WOMENS,1,0,1
KAKINADA INSTIUTIONS OF ENGINEERING AND TECHNOLOGY FOR WOMENS,1,0,1
KAKINADA INSTITUTE OF ENGINEERING AND TECHNOLOGY WOMENS,1,0,1
KAKINADA INSTITUTES OF ENGINEERING AND TECHNOLOGY,1,0,1
INTERNATIONAL SCHOOL OF TECHNOLOGY AND SCIENCES FOR WOMEN,1,0,1
ST ANN'S COLLEGE OF ENGINEERING AND TECHNOLOGY IN CHIRALA,1,0,1
WESLEY PG COLLEGE,1,1,0
LAKIREDDY BALI REDDY COLLEGE OF ENGINNERING,1,1,0
"MAHATMA BASAVESHWAR EDUCATION SOCIETY'S COLLEGE OF ENGINEERING, AMBAJOGAI",1,0,1
VISHWA VISHWANI INSTITUTE OF SYSTEMS AND MANAGEMENT,3,1,2
"RAJIV GANDHI UNIVERSITY OF KNOWLEDGE AND TECHNOLOGIES,SRIKAKULAM",1,1,0
SRM UNIVERSITY OF KATTANKULATHUR CAMPUS,1,0,1
VASIREDDY VENKATADRI INSTITUTE OF TECHNOLOGY ECHNOLOGY,1,0,1
RAJIV GANDHI UNIVERSITY OF KNOWLEDGE TECHNOLOGIES RK VALLEY,1,1,0
"VELLORE INSTITUTE OF TECHNOLOGY, AP",2,0,2
"RAJIV GANDHI UNIVERSITY OF KNOWLEDGE TECHNOLOGIES, ANDHRA PRADESH",1,1,0
SASI INSTITUTE OF ENGINEERING AND TECHNOLOGY,1,0,1
"RAJIV GANDHI UNIVERSITY OF KNOWLEDGE TECHNOLOGIES, ONGOLE",1,0,1
BHAGWANT UNIVERSITY,1,1,0
"VELLORE INSTITUTE OF TECHNOLOGY,AP",1,0,1
GAYATRI VIDYA PARISHAD COLLEGE OF ENGINEERING FOR WOMEN,1,0,1
JNTUA,1,0,1
JNTUA COLLEGE OF ENGINEERING KALIKIRI,1,1,0
"RVR & JC COLLEGE OF ENGINEERING,GUNTUR",1,0,1
NISHITHA DEGREE & PG COLLEGE,1,0,1
VASSIREDDY VENKATADRI INSTITUTE OF TECHNOLOGY,1,0,1
"ASHOKA WOMEN'S ENGINEERING COLLEGE, KURNOOL",1,0,1
"MAHARAJ VIJAYARAM GAJAPATHI RAJ COLLEGE OF ENGINEERING, VIZIANAGARAM",1,0,1
BSKR - BHASKAR ENGINEERING COLLEGE,1,0,1
ICFAI TECH FOR HIGHER EDUCATION,1,1,0
SHRI VISHNU ENGINERRING COLLEGE FOR WOMEN,1,0,1
"IIT- INDIAN INSTITUTE OF TECHNOLOGY,DELHI",1,0,1
SEG - SREENIDHI UNIVERSITY,1,0,1
INSTITUTE OF AERONAUTICEL ENGINEERING,1,1,0
THE IHFE,1,0,1
NIT DURGAPUR,1,1,0
MRCW,1,0,1
"SRM UNIVERSITY, AP",1,0,1
IFHE,3,1,2
"SRM UNIVERSITY , AP",1,0,1
VVITU -VASIREDDY VENKATADRI INTERNATIONAL TECHNOLOGICAL UNIVERSITY,1,0,1
V.S.B ENGINEERING COLLEGE,1,1,0
SVCN : SREE VENKATESWARA COLLEGE OF ENGINEERING,1,1,0
MOTHER THERESA ENGINEERING COLLEGE,1,0,1
NARAYANA ENGENEERING COLLEGE,1,0,1
SREE VENKATESHWARA COLLEGE OF ENGINEERING,1,0,1
YSR ENGINEERING COLLEGE OF YOGI VEMMAN UNIVERSITY,1,1,0
MS RAMAIAH INSTITUTE OF TECHNOLOGY,1,1,0
MIC COLLEGE OF TECHNOLOGY,2,0,2
OUCTSF - O U COLLEGE OF TECH HYDERABAD - SELF FINANCE,1,0,1
"ICFAI UNIVERSITY, HYDERABAD",1,1,0
VIGNA'S INSTITUTE OF INFORMATION AND TECHNOLOGY,1,0,1
DR PAUL RAJ ENGINEERING COLLEGE/JNTUK,1,0,1
AMRITA VISHWA VIDYAPEETHAM,5,1,4
AMRITA UNIVERSITY,1,0,1
NISHITHA DEGREE AND PG COLLEGE,1,0,1
ANITS- ANIL NEERUKONDA INSTITUTE OF TECHNOLOGY AND SCIENCES,1,0,1
"CHANDIGARH COLLEGE OF ENGINEERING, MOHALI",1,1,0
"CHANDIGARH COLLEGE OF ENGINEERING, JHANJERI, MOHALI",1,0,1
AJEENKYA DY PATIL UNIVERSITY PUNE,1,1,0
RAJIV GANDHI UNIVERSITY OF KNOWLEDGE AND TECHNOLOGIES-BASAR,1,1,0
ICREATE DEGREE COLLEGE KUKATPALLY,1,1,0
VISHWA VISHWANI INSTITUTE OF SYSTEM AND MANAGEMENT,1,0,1
RITHEESHTALLURI2@GMAIL.COM,1,1,0
ICFAI BUSINESS SCHOOL,1,1,0
DR. M.G.R. EDUCATIONAL AND RESEARCH INSTITUTE,1,1,0
K.K. COLLEGE OF ENGINEERING AND MANAGEMENT,1,0,1
DAVID MEMORIAL COLLEGE,1,0,1
KALINGA INSTITUTE OF INDUSTRIAL TECHNOLOGY,1,1,0
PRIYADARSHINI DEGREE COLLEGE,1,0,1
VELLORE INSTITUTION ON TECHNOLOGY AMRAVATI,1,0,1
GOVERNMENT POLYTECHNIC FOR WOMENS,1,0,1
HYDERABAD SCHOOL OF BUSINESS [OSMANIA UNIVERSITY],1,1,0
MOTILAL NEHRU NATIONAL INSTITUTE OF TECHNOLOGY ALLAHABAD,1,1,0
DR.MAHALINGAM COLLEGE OF ENGINEERING AND TECHNOLOGY,2,0,2
NEWTON SCHOOL OF TECHNOLOGY(RISHIHOOD UNIVERSITY),1,0,1
RAJIV GANDHI UNIVERSITY OF KNOWLEDGE TECHNOLOGIES RKVALLEY,1,0,1
IFHE UNIVERSITY HYDERABAD,1,1,0
IFHE UNIVERSITY,1,1,0
RAJIV GANDHI UNIVERSITY OF KNOWLEGE TECHNOLOGIES BASAR,1,1,0
MALLA REDDY COLLEGE OF ENGINEERING AND TECHNOLOGY,1,0,1
SRGEC- SESHADRI RAO GUDLAVALLERU ENGINEERING COLLEGE,1,0,1
RAJIV GANDHI UNIVERSITY OF KNOWLEDGE TECHNOLOGY NUZVID,1,0,1
ST.ANNS COLLEGE FOR WOMENS,1,1,0
SHIV NADAR UNIVERSITY,1,0,1
AMRITA VISHWA VIDYAPEETHAM MYSURU CAMPUS,1,1,0
JAWAHARLAL NEHRU TECHNOLOGICAL UNIVERSITY KAKINADA,1,1,0
MVGR - MAHARAJ VIJAYARAM GAJAPATHI RAJ COLLEGE OF ENGINEERING (AUTONOMOUS),2,0,2
KAKINADA INSTITUTE OF ENGINEERING & TECHNOLOGY FOR WOMEN,1,0,1
RAJEEV GANDHI MEMORIAL COLLAGE OF ENGINEERING AND TECHNOLOGY,1,0,1
"V.S.B. ENGINEERING COLLEGE,KARUR",1,1,0
SUBBALAKSHMI LAKSHMIPATHY COLLEGE OF SCIENCE,1,0,1
RAJIV GANDHI INSTITUTE OF PETROLEUM TECHNOLOGY,1,1,0
"NIZAM COLLEGE, OSMANIA UNIVERSITY",1,0,1
RAJEEV GANDHI INSTITUTE OF SCIENCE AND TECHNOLOGY,1,0,1
RAJEEV GANDHI MEMORIAL INSTITUTE OF TECHNOLOGY,1,0,1
RAJEEV GANDI MEMORIAL COLLAGE OF ENGINEERING AND TECHNOLOGY,1,0,1
CHAITANYA DEEMED UNIVERSITY,1,1,0
INDIAN INSTITUTE OF INFORMATION TECHNOLOGY KOTTAYAM,1,1,0
ANDHRA UNIVERSITY COLLEGE OF ENGINEERING FOR WOMEN,3,0,3
RGUKT(IIIT)-SRIKAKULAM,1,0,1
MOTHER THERESSA COLLEGE OF ENGINEERING AND TECHNOLOGY,1,0,1
ANIL NEERUKONDA INSTITUTE OF TECHNOLOGY & SCIENCES,1,1,0
ST PAUL'S DEGREE CLG,1,0,1
NTTF,1,0,1
RTMNU,1,0,1
"SRM INSTITUTE OF SCIENCE AND TECHNOLOGY, CHENNAI, TAMIL NADU",1,0,1
AVN ENGINEERING INSTITUTE OF TECHNOLOGY,1,0,1
BONAM VENKATA CHALAMAYYA,1,0,1
"AMRITA VISHWA VIDYAPEETHAM, COIMBATORE",1,1,0
CCE,1,0,1
PRESIDENCY UNIVERSITY RAJANKUNTE,1,0,1
